2055	3
4450	5
1178	2
7588	1
4344	1
4435	1
3369	2
2061	1
4229	3
4176	1
4524	2
4088	2
2075	2
9016	1
3621	4
8040	5
863	3
2338	1
289	1
9771	2
3995	3
3300	1
1349	1
488	2
6999	2
3866	2
1472	1
8961	3
6007	3
6797	1
2138	1
439	2
1347	2
4905	1
9605	2
4362	2
4801	3
5248	1
9124	2
8746	3
5869	2
8764	1
3638	2
8287	3
1404	4
7808	2
3660	3
6018	1
679	1
2859	2
8788	4
9815	2
4245	1
5296	1
7564	3
2677	2
2909	2
2745	2
5153	3
4895	1
3325	3
941	4
2455	2
3928	2
9274	2
2312	1
3875	2
5590	1
1340	2
7797	2
4129	2
4363	1
3801	1
4701	1
9258	2
7898	1
3346	1
8751	1
3162	1
5204	3
4390	4
6196	3
4792	2
6484	2
9748	4
5591	2
5098	1
2450	2
8702	3
8891	1
327	4
8328	1
8770	3
389	1
9107	3
4497	1
9137	1
1224	3
5198	3
7682	2
7035	3
29	3
4509	1
8039	2
2902	2
7557	1
5970	1
3332	3
5624	1
5983	1
7460	1
6987	1
8487	1
4865	1
4366	3
5849	1
7452	2
3749	2
9895	4
8894	2
2239	2
403	3
2983	1
8011	1
580	2
9034	2
5440	3
4071	1
7315	1
3983	1
4454	3
9648	1
9307	3
6830	1
4728	2
9646	7
3187	2
6676	2
3533	1
4881	1
9740	3
9736	1
6740	1
7118	1
5530	4
7073	4
4556	5
1888	1
7166	2
6253	1
9690	1
7036	2
2871	1
6212	2
7321	3
1668	2
7735	3
7875	3
5858	1
9059	2
617	2
1735	3
2234	3
4090	1
5159	1
6348	1
3819	3
2204	2
7832	2
9382	1
6859	3
9185	3
9500	2
290	2
2112	2
8845	1
4083	2
5018	3
593	1
6219	1
2240	2
9440	2
1803	3
646	2
6736	4
6523	4
260	2
4567	2
9719	1
2505	2
5609	2
8904	2
5592	2
1814	2
4906	2
4978	1
9693	2
7168	7
6132	1
8376	1
6984	2
7257	2
6763	2
6287	1
7159	1
319	2
2114	3
2213	2
6294	4
303	2
8272	2
460	1
3832	1
4601	2
7584	1
2070	3
4072	1
7275	2
3932	1
3736	1
1452	3
9860	2
9766	3
1880	2
509	2
9584	3
3486	1
2199	1
5453	2
9512	1
5778	1
2004	1
3282	1
1083	3
9862	1
8211	3
7246	3
2353	2
6878	3
8557	2
5777	2
2377	2
1781	1
527	2
3562	1
6030	2
5409	2
7977	2
8090	1
9699	2
1293	4
8164	2
8868	2
4756	3
9183	2
7406	2
786	1
2316	2
2741	1
7539	1
4484	2
2048	1
3539	3
4099	2
3990	4
4878	2
6254	3
6037	1
3104	1
5753	1
36	1
7611	1
4234	1
8873	1
9330	3
6504	1
2585	2
2169	1
9933	4
2556	1
1576	4
2069	1
5896	2
6199	2
4442	3
5578	2
963	2
6532	3
6429	2
3853	2
9218	1
7990	1
173	2
5900	3
5275	1
6831	2
6150	2
4995	1
448	2
8412	5
8929	2
6628	1
1567	1
5004	1
7643	2
4308	1
9234	2
2865	2
6997	1
2864	2
6909	2
4977	1
1651	1
2371	1
9708	1
3208	2
9931	2
9126	2
7134	1
1503	4
2678	3
3840	1
4834	3
6660	1
3168	4
1378	2
6404	1
9	4
1283	3
8377	4
6551	3
4598	2
6185	2
9141	2
1227	1
1372	3
8093	1
3966	3
7066	1
9781	1
7676	3
9294	1
1125	2
6283	1
3118	2
4140	1
8058	4
114	2
670	3
2504	2
3131	4
1076	1
1684	1
162	3
4031	2
8478	1
6955	1
8086	1
5527	1
236	1
6721	2
146	1
5619	2
9853	1
3880	2
3768	1
1107	3
8036	2
9413	2
2287	1
2100	3
5257	1
6058	1
9623	2
9971	1
8194	2
265	2
5747	3
4700	1
8564	1
9212	2
9465	3
4818	2
4962	2
1554	2
2709	2
2806	1
259	2
5070	1
9590	2
3368	2
6627	2
3298	3
2667	3
2014	3
7668	1
456	3
2407	1
7322	2
4889	3
6274	1
8623	2
6343	1
1673	1
9339	1
6853	2
1486	1
7471	1
2584	3
6930	1
1849	2
6727	2
2792	1
3077	1
1740	1
3175	3
4313	3
5041	2
6729	1
8890	6
9550	3
4388	1
3432	1
7887	3
8198	2
2642	2
4935	1
909	2
1529	1
7362	3
3195	3
1626	2
3057	2
7893	1
2292	1
4646	2
2094	2
9242	2
500	1
4991	2
118	1
5834	1
9980	2
3379	1
3657	2
5022	2
6673	4
4371	3
8583	1
2858	3
4719	2
4751	1
986	1
583	1
5519	2
8680	3
541	3
7558	3
7016	3
3733	2
1225	1
4488	1
3765	2
6181	2
7759	4
40	1
6136	2
4217	1
7432	1
8491	1
3963	2
8141	2
1456	2
1763	1
5491	1
9015	3
3905	2
2736	2
7756	1
8081	1
1654	1
3333	1
6564	1
9975	2
5344	2
6094	3
2201	1
9804	4
7657	4
3555	1
4047	1
1550	2
3909	2
479	1
5115	4
2637	2
8808	2
6061	1
7661	3
3656	1
7819	1
5557	3
4112	2
1246	2
7865	2
4046	3
4582	2
6847	2
9279	1
3984	1
2115	3
2072	3
2729	1
6960	1
7796	2
6265	3
2305	3
7524	1
7218	1
6209	2
8148	1
5425	2
8398	1
2598	1
3551	3
5233	3
5918	2
1617	1
3569	2
6791	3
8979	1
6583	3
5743	3
5515	1
8380	2
5593	1
7301	3
5662	1
1902	2
1819	2
9334	3
5415	2
6588	2
8796	3
7621	3
8927	1
5349	1
5338	2
3384	2
5480	4
782	1
1892	2
9597	5
5875	1
5766	1
2644	1
7765	2
498	4
4286	3
3447	1
6487	3
3900	1
7506	1
7493	4
7762	1
1998	1
5807	1
5621	2
4639	3
1586	3
6118	3
4038	1
6156	1
8239	1
8640	1
1573	3
9536	1
5779	2
4410	2
6282	3
937	2
2526	2
4002	1
1496	2
2178	3
6373	4
9174	2
1689	2
7051	1
4688	1
9721	1
2126	3
7425	1
1008	1
6671	3
3545	4
7792	2
6301	2
834	1
7743	3
4753	1
7401	2
3500	1
7310	2
5280	5
9958	1
8266	3
8786	2
3179	1
3229	3
6169	2
2294	2
5932	3
3745	1
612	4
1028	1
4946	2
9786	2
3835	2
6883	1
8024	2
3350	3
6866	3
5831	1
5855	3
2592	2
2946	1
3505	2
4475	1
4572	2
4632	2
8438	2
8694	3
120	3
4893	2
7023	1
3655	1
8536	1
5352	2
6293	1
5520	1
392	2
9508	2
1547	1
6832	4
2378	1
4007	1
4447	3
8568	1
4073	2
3868	1
5859	1
9897	3
9667	1
4305	2
2238	2
989	4
9285	1
3138	2
759	1
4346	5
8656	1
4459	1
659	3
5677	1
299	1
489	2
2918	2
4536	2
9716	2
2153	1
4061	2
2906	3
2842	2
7097	2
889	2
7779	1
1320	2
9478	2
3335	3
6858	2
4729	1
1922	1
7639	3
6708	1
2044	2
8563	1
8085	3
2861	2
6804	3
1612	1
1706	2
1217	2
9272	1
1659	2
7543	2
7853	2
4178	2
6086	1
3137	1
4693	4
9974	1
8934	2
562	3
6770	1
7446	1
3157	2
4160	5
3541	3
6427	5
1961	2
8340	2
6616	1
7807	3
7405	2
4326	2
3491	1
214	2
7601	2
8545	2
6074	1
1382	2
301	1
946	3
9489	2
2095	1
4576	4
3604	5
2142	1
1587	2
8510	2
9403	1
9628	2
84	1
3173	2
5510	1
6168	2
5316	1
3323	2
1729	2
9873	2
3975	2
4516	3
3409	1
8516	2
9683	2
9397	2
6338	2
3063	3
3110	2
7113	2
2573	1
4399	2
6447	1
6443	2
8955	2
191	4
1890	1
79	1
5711	1
9539	1
3686	2
3748	1
9733	4
7021	1
5224	1
5277	2
5883	1
1321	3
1258	2
2568	2
1860	2
9364	4
9496	1
1240	3
6090	3
1839	4
2893	2
8935	3
7617	1
9685	1
194	1
9585	1
1416	2
7426	1
9031	1
4023	2
9361	3
950	2
1513	3
2472	1
8909	2
7691	2
2789	1
621	1
3031	2
3311	2
2903	1
6458	4
2078	2
2521	2
8745	1
5117	3
6167	2
1514	2
5771	2
138	5
7	1
850	1
5513	1
6966	2
4054	2
1994	2
6453	1
1214	2
1924	1
5292	3
5993	1
2362	3
5016	2
7219	2
5092	2
7475	1
9231	2
1510	5
2471	1
6512	3
2200	1
5801	1
9543	3
68	1
9441	2
4588	2
3303	1
2015	1
1826	3
5116	4
7034	3
1508	1
5856	2
8008	2
5499	1
4426	1
8922	1
6968	2
6246	1
3251	1
1005	1
4810	3
3944	3
4545	1
2867	1
7093	1
461	3
3476	1
9978	2
3061	2
9353	1
9468	1
4684	1
5966	2
6249	2
4084	3
1608	2
7680	1
8228	1
379	2
4618	3
6649	2
6812	1
1582	1
1244	1
8116	1
2379	3
1937	2
9480	2
9845	2
41	4
8360	3
3007	1
3513	1
7147	1
9591	2
4130	2
6035	1
3164	2
3988	1
2074	4
4585	2
2828	6
9302	3
4161	1
5611	1
8514	1
1881	4
9207	2
2062	1
1471	1
1825	2
9634	1
1360	1
5751	3
2730	2
3144	1
9538	1
9222	3
9264	2
5373	1
4195	1
6788	3
8928	2
5291	2
9694	1
155	2
7967	1
5242	2
9210	2
6717	3
4594	3
2318	1
2150	2
1832	1
8026	2
6553	2
2838	1
3406	3
3080	1
1504	2
5532	2
4613	1
3498	2
297	1
2647	2
8671	3
4554	2
1393	2
729	1
9406	2
2375	2
2355	1
2202	2
4231	2
5470	2
8836	1
5689	1
4950	2
6459	3
1678	4
9246	1
6161	3
7828	2
8537	2
9998	2
4162	1
7626	1
5620	2
5436	1
6013	1
4332	2
664	3
4343	1
5838	4
7710	2
4820	2
7764	1
2578	1
2041	1
8234	2
5690	1
1534	2
6646	1
1031	5
9081	1
8972	2
7236	1
2131	1
1563	2
9013	3
8571	3
9479	1
7468	1
4233	2
8268	1
3363	2
6586	1
3890	2
4269	2
9058	2
9987	1
9245	2
272	1
5367	3
125	3
9255	1
9312	1
8309	5
109	1
1823	1
8630	2
8004	2
6963	2
3423	2
874	1
1679	3
5261	1
5614	3
8639	3
1506	1
1334	2
8526	2
1559	2
853	4
1817	1
6414	2
7444	3
3779	2
8903	4
4778	1
2405	2
5305	2
5705	3
4812	1
5663	3
4145	1
8497	1
7480	2
4857	2
9390	2
2707	1
6983	2
7188	2
9678	3
6360	1
8791	1
6982	1
7896	1
5312	3
5963	1
7585	1
5882	2
9346	1
4958	2
8109	2
6418	1
9642	2
6936	1
3339	3
1208	1
5374	2
6881	2
5467	3
6386	2
9369	1
8748	2
7136	1
2396	2
284	1
4522	1
7835	1
4660	1
5163	1
2080	1
1273	2
9529	3
1346	2
8846	1
931	1
3957	1
8474	1
6524	4
6989	4
657	2
8041	1
1864	1
4799	2
5127	3
1352	3
1720	2
7932	1
5035	1
778	1
4460	2
7503	1
4703	2
2482	1
4670	1
8704	1
4474	1
1999	1
6284	1
4941	1
8077	1
2557	3
1312	2
2446	4
1422	1
3558	1
3370	2
9082	1
2566	1
5885	1
8060	4
163	1
3082	1
7041	1
1883	3
6149	1
6919	2
4909	2
1172	1
5762	2
6988	2
5303	4
9300	3
3151	1
8035	1
3708	2
7736	3
2818	1
5575	4
6760	1
8993	1
4579	2
3991	1
5857	2
1570	2
7877	1
393	1
4074	2
3927	2
46	2
4919	2
3016	1
4236	1
242	2
7737	2
7820	2
4382	1
5218	3
2949	1
7433	1
796	1
4777	2
3347	1
6712	3
4937	5
3573	2
7811	2
430	2
4469	1
2542	1
4526	1
6863	3
6397	2
9261	2
5719	1
5821	2
9008	2
1628	1
8701	2
235	2
7974	1
5167	1
545	1
2608	2
1279	2
7454	1
2161	2
2528	8
9658	1
3029	1
6192	3
9104	1
825	1
1296	1
6871	1
1303	2
9935	1
4197	1
309	2
5014	1
3590	1
9808	1
5994	2
5033	1
6402	2
7880	3
251	1
8068	1
2105	1
9147	1
2900	1
2912	2
8924	2
9632	1
5511	2
1859	1
654	5
2523	4
2963	1
2612	1
8475	3
9787	2
8567	5
2565	2
6733	1
2383	1
6436	2
4381	2
5811	1
5310	1
3863	1
852	1
7443	1
8403	3
267	1
3026	1
6870	1
2497	2
4984	2
2314	5
1315	1
3223	3
2740	1
5741	4
9841	1
405	1
3248	3
5181	2
150	2
9524	1
7867	2
1610	2
5522	2
4668	2
7008	4
6635	2
154	1
6754	2
2522	1
7081	1
1993	3
6039	2
9704	2
2168	3
7766	1
8912	1
9146	1
2491	2
6106	1
3035	2
1705	2
4270	1
8154	2
334	2
8323	3
9762	5
3146	1
9208	1
8106	1
9763	2
4018	3
5488	1
3758	1
5484	1
8913	1
8500	2
2687	1
876	1
5905	1
6901	2
9621	2
8754	2
8244	3
8311	2
3258	3
7148	2
7302	3
5298	3
804	1
8446	1
6785	1
3470	3
965	3
1517	3
5129	2
6480	1
4871	2
339	1
3017	1
637	1
5398	1
4069	2
4685	2
816	1
5192	1
2812	2
2282	1
9122	1
8579	2
4063	1
578	1
1630	2
1403	2
7389	1
1899	2
9181	1
1686	2
3908	4
514	1
2478	2
8517	3
4611	1
1894	1
5676	1
3364	1
9936	1
7420	1
9173	1
947	1
5978	4
5907	4
9080	2
7686	1
7822	2
4101	1
1544	1
4298	3
3519	2
9373	3
1807	1
6206	2
1469	1
2950	1
6692	3
4708	1
7496	2
8590	2
5749	3
7048	3
1141	1
1476	1
9387	2
9298	1
5612	2
3488	2
3904	1
3979	1
7050	1
5574	1
137	2
8238	1
1565	3
1121	2
6623	1
8862	1
8436	1
1526	2
9827	1
2811	2
9752	1
1685	2
8128	3
530	1
1667	1
3782	1
3417	3
1036	2
9534	1
8303	1
6083	1
4564	3
8920	1
7755	1
2163	2
6291	3
7930	3
3236	1
8310	2
6932	1
2186	1
8648	1
9885	1
1298	3
7033	2
5332	3
8496	2
5213	1
6322	2
6014	3
2010	1
1159	1
9160	2
9244	1
4365	1
6974	2
6514	2
183	2
1479	1
1647	2
7184	1
5252	3
6652	3
2974	1
1494	1
4527	1
4080	1
6985	2
258	2
1605	3
15	1
6547	1
3602	1
8441	3
1808	1
4078	2
9606	2
9311	1
276	1
4098	1
8355	1
1746	6
9424	2
817	1
7758	2
8733	2
9421	2
2725	1
7098	1
9565	1
5199	2
8926	1
2822	3
67	1
8363	1
7171	2
3034	2
8966	1
9504	2
3870	2
1484	1
5469	2
5901	2
9117	1
2403	1
2762	1
9288	1
4004	1
2540	2
9541	1
7826	2
8054	2
4247	1
124	4
92	2
9724	3
3756	2
6574	2
8396	2
5063	4
9743	2
8457	4
8541	1
2177	3
9023	1
6536	1
6663	3
3304	1
291	3
2124	1
7889	1
8782	2
1209	2
8682	1
1401	2
4425	1
857	3
680	1
4928	3
19	3
938	1
4237	2
5815	2
6802	2
6155	2
5602	2
7043	2
3818	3
4081	2
6162	1
5034	2
2195	2
813	3
6818	3
5890	4
9562	1
8223	2
8479	2
8652	2
1827	2
6585	1
3361	2
3160	3
5955	1
8624	2
9036	3
6297	1
8520	3
3129	1
7609	1
2493	2
7849	3
8492	2
5588	3
9379	2
6166	2
7431	2
4471	3
6542	1
1427	1
2999	1
6492	1
7332	2
7193	4
195	5
4123	2
2922	2
4869	1
3176	3
3585	2
5482	3
2513	1
8230	2
5152	5
2543	2
171	3
4392	1
6709	3
1116	2
18	3
3270	3
4795	1
6880	2
6242	1
101	1
1835	1
1931	2
5327	1
3069	1
6401	1
7328	3
6362	1
3393	3
5555	2
8884	1
4489	1
3252	3
2033	1
7963	1
6703	1
3455	1
6848	2
3527	1
5052	3
4534	2
7505	1
3924	3
496	1
9992	1
1818	2
2467	2
7483	1
7535	2
169	3
4726	5
3727	2
6907	3
6438	2
615	1
9022	5
8674	1
6302	3
4790	2
5042	1
9344	3
1399	2
7964	1
7953	2
4930	1
3452	1
8458	2
2434	1
3933	1
1226	2
3206	2
6723	2
8678	3
307	2
3126	2
2328	1
2544	1
666	1
1015	1
9112	3
1317	1
8830	4
9153	1
9476	1
7464	2
8714	1
6050	2
483	3
212	3
2447	1
7264	2
2374	2
7293	5
7011	3
7782	1
1194	1
7984	3
9012	1
1319	2
4568	1
9956	2
7370	4
4775	2
4900	1
5429	2
5844	1
6981	2
9475	3
4682	1
7089	2
5696	1
1562	2
3381	1
3474	2
2406	3
6384	3
3559	2
3631	2
6808	2
5372	1
1916	1
7314	1
6517	3
8820	3
4763	1
3250	2
5876	2
7355	3
1546	2
2364	1
5565	3
9161	2
2958	2
7004	2
4403	1
6145	2
5610	1
9375	1
5991	2
3680	1
8775	1
8196	2
9227	1
3637	1
5568	1
4311	1
4510	1
7225	1
6841	2
4280	4
348	1
2210	2
5808	1
2341	2
2373	4
4884	2
7772	2
5244	1
1034	1
9087	1
3141	1
7570	3
8647	2
5293	2
4446	2
4781	1
6521	1
2307	2
2666	1
5392	1
1097	2
6850	2
2006	1
6133	1
1228	3
1084	1
3163	1
7803	2
8378	2
9818	1
1500	2
8857	2
8435	3
738	1
3958	1
44	2
6442	2
9948	1
50	4
5108	2
1558	2
7768	2
2045	2
9191	1
9362	1
8461	1
9169	2
3806	2
4075	1
4667	2
933	3
7289	1
1276	4
8226	2
5449	4
9651	1
6705	2
7806	1
5158	2
2840	3
7919	4
1521	2
903	3
6174	1
9556	2
4786	1
384	3
9574	1
1960	1
1054	2
4557	2
3101	2
2631	1
9942	2
6046	1
5553	1
6109	4
9542	1
2104	2
9645	1
6864	1
1675	1
3554	1
1788	1
2155	2
7884	4
2850	2
5887	1
6195	1
4213	2
1072	1
6381	1
411	2
9168	3
9851	2
7270	2
9775	1
6882	2
8162	1
9047	3
8231	2
6786	3
152	1
2892	1
3465	1
5984	1
5369	1
7969	2
3255	3
410	2
9555	2
8333	2
8827	2
5758	3
2901	1
9884	3
9226	3
7457	1
6093	1
9774	1
6603	1
3440	2
9991	2
6233	4
683	1
9396	3
9314	3
4127	2
1491	3
203	2
4439	3
9526	3
913	1
9224	2
8661	1
905	1
3039	2
2335	1
6387	2
8174	1
5723	2
4920	1
537	2
6910	5
6130	1
7978	1
7461	2
9692	1
5803	1
9347	3
9167	2
1575	2
3106	1
7501	1
1897	1
7040	2
5315	2
1786	1
5648	3
4265	1
6296	1
8473	3
710	1
4503	3
2615	2
9132	1
3572	1
1366	2
6331	2
9069	2
967	1
2259	2
9062	1
3238	2
658	2
4215	2
2705	1
1112	1
5986	2
6355	3
5496	1
6952	1
4912	2
2076	1
4816	1
6633	4
7358	2
3328	1
7840	2
7009	3
4481	3
6235	2
7273	1
6029	1
9695	2
5444	3
6969	1
8291	2
9202	2
7850	5
2768	2
9352	1
4050	1
5208	1
5058	3
9922	1
6893	2
5331	3
2264	5
6719	2
9370	1
8880	3
2629	1
3444	1
7268	1
5113	2
626	2
3974	2
6180	2
5654	1
8635	2
7559	1
6359	1
9705	2
6582	1
4085	2
9950	1
7502	2
1850	2
9580	2
3877	2
5888	3
9920	2
1868	2
5725	1
7361	1
7274	1
7442	3
4377	4
6846	1
2346	4
340	1
2525	1
6239	1
6506	3
3383	1
2053	3
936	3
5038	1
2907	3
6667	1
2925	1
7744	3
1130	2
9093	1
1618	2
8430	1
9996	3
8918	3
2457	1
6092	1
9433	2
390	2
7198	3
2783	2
4915	3
1631	1
8595	2
7674	3
3288	1
9380	1
8763	3
3340	1
9301	1
345	1
1938	3
4944	1
5320	1
3665	2
7566	4
6900	1
8915	3
4707	1
4288	2
5974	2
491	1
8506	1
9381	3
100	2
1236	3
2231	3
3246	1
7459	2
4174	3
7713	1
7866	2
3842	1
4897	2
7998	2
5406	1
4523	1
3751	1
5756	1
4369	1
2684	1
5824	3
8448	1
3787	3
280	3
3865	1
7916	1
4512	2
4879	1
763	1
8408	2
9338	1
7088	2
4219	3
4659	3
336	2
1375	1
3643	2
8991	2
9038	2
3570	3
20	2
9881	2
3797	2
5789	1
6794	2
226	2
1523	1
3235	2
8452	1
7900	3
8944	2
4348	2
9878	2
6996	1
5222	1
5395	2
6339	2
5579	2
1284	2
6895	2
3629	1
2165	3
1723	1
187	3
472	2
6308	2
3688	1
2761	3
7975	2
3211	1
1066	1
9205	2
1185	2
8189	1
3051	2
6555	4
1111	2
1096	1
558	1
4666	2
570	2
8224	1
981	3
7439	2
8499	1
2703	2
9671	1
1536	2
7448	3
9148	1
5311	1
2389	1
5122	2
7360	1
5744	1
7075	1
9039	1
172	2
2766	1
1397	2
6778	1
7623	1
378	3
9079	1
2855	2
9516	3
6856	2
1984	1
1828	1
3536	2
6435	1
4334	1
3438	3
2386	2
9393	5
8485	2
9050	2
437	3
2908	1
3242	4
883	2
7387	1
8855	1
2302	1
5863	2
1995	1
655	1
7112	2
8892	1
9906	1
7114	2
8353	1
6605	1
204	1
713	1
6226	4
6621	1
9932	1
2582	1
785	1
8911	2
5873	2
7610	2
754	1
2037	3
4448	2
5848	4
7918	2
8046	2
5981	4
4916	3
7129	1
2643	2
8657	1
4947	3
7939	1
3591	2
9503	3
8429	2
4574	3
4277	2
7708	1
3122	2
3177	1
304	3
3891	2
2141	2
8359	4
1433	2
8542	1
2793	2
812	2
5734	1
8931	3
5134	2
4699	1
8344	4
7104	1
949	1
4092	1
4741	4
6140	2
8171	1
8923	1
2767	1
4040	1
5944	3
6857	1
5064	1
5376	1
486	1
2166	2
4655	2
2441	2
9972	2
6456	1
4104	1
1358	1
9586	2
5195	1
8369	2
3887	3
1870	2
4903	1
9675	3
2911	1
2110	2
7462	1
9599	2
807	2
6403	4
3337	1
6057	2
2816	1
8241	2
4654	2
4744	2
6569	3
8546	1
1615	1
359	1
8051	1
838	3
1428	3
321	1
9106	1
2870	1
6610	1
5528	2
2162	4
3214	3
3930	2
1392	1
7707	2
3858	1
6070	1
2019	1
4444	1
5187	2
9180	2
8849	1
2938	2
5548	4
3816	2
1473	3
8753	4
5062	2
7140	1
6042	1
9799	3
1064	2
1156	3
9869	2
2013	2
1192	1
3856	1
7847	1
7074	2
4844	2
6799	1
7906	1
7340	2
9997	1
6716	1
8370	1
674	1
2453	5
2443	1
3463	1
5375	1
7596	1
819	2
2726	2
6546	3
5448	1
5512	4
8625	2
3599	2
8831	1
8953	2
1737	2
6890	1
2067	1
3480	3
2841	2
3052	1
5059	1
4466	1
1968	3
887	1
2179	1
7537	2
3020	2
6948	3
1057	2
4917	1
8716	1
422	2
470	1
8518	2
8131	2
2206	2
761	1
6372	2
4324	5
7102	2
5371	2
4037	5
4189	2
3074	3
9689	3
7383	2
9101	3
4329	1
770	1
8638	2
3746	1
7303	1
1634	2
9669	3
4461	1
8113	2
9358	2
6017	1
1657	2
7648	3
2250	1
8476	1
525	1
6378	1
3178	1
1326	3
732	1
9198	3
2574	1
7937	1
5119	2
2876	1
305	1
3449	4
1421	1
4716	2
9899	1
7943	1
8264	1
4026	2
3652	3
3152	3
9709	2
1665	1
6689	1
5009	3
6837	1
3398	2
7495	3
6497	1
2192	1
7655	1
9200	2
7161	1
7391	1
531	4
4035	1
1477	4
9057	1
3502	2
7602	3
9326	2
2928	1
3662	3
6474	1
6462	1
3278	1
7343	1
5535	3
5604	3
8185	4
7233	1
717	4
7319	1
9710	3
3123	1
8988	2
5629	1
2484	1
9828	1
7356	2
4173	1
7238	1
4673	2
6599	3
8559	2
1757	2
3453	1
4238	1
2626	2
2134	2
5169	3
5174	2
5135	3
7020	2
788	1
7076	1
7467	3
8600	2
7334	1
5816	1
1748	3
885	1
535	1
1295	1
6511	1
3053	3
765	1
4723	2
6405	2
4383	2
9340	2
234	2
549	3
2428	1
7834	1
2492	1
9874	2
645	2
7349	1
3667	1
1644	2
5958	1
6869	1
8038	1
4470	2
4616	2
3855	1
8161	3
5243	1
2207	3
5228	3
7445	1
3030	2
7952	1
4569	2
528	2
5899	1
3919	1
2317	1
7604	2
2653	2
641	2
9682	1
3089	5
2125	1
4477	3
1710	3
2984	2
9660	2
6364	3
4565	3
3192	2
1505	2
2852	1
1898	2
1752	2
2376	1
1965	3
7326	3
6929	1
4653	4
5408	1
1234	2
4859	1
4491	1
2242	2
6805	3
1528	1
3511	2
159	3
8371	1
7413	3
8357	1
3194	3
5146	1
5021	2
6568	1
6937	1
7068	1
725	4
1756	2
2432	1
9517	2
7613	3
1374	1
3878	1
1167	1
3254	1
635	2
6539	1
349	2
6732	1
9487	2
746	2
160	2
7249	1
3937	1
2531	3
5715	3
2532	3
6811	3
2128	2
4396	2
5914	2
1606	1
1585	2
3577	1
89	1
5892	1
9681	1
1713	1
8574	2
8554	2
5190	2
4274	1
2408	3
1989	2
8096	4
1138	1
1103	2
5706	1
9177	2
7235	1
2348	2
3971	3
6552	1
2103	1
7912	3
3041	1
4433	2
5170	2
5351	2
820	1
3435	1
6139	1
9431	2
5880	1
7631	1
3617	2
1708	1
7562	2
9730	1
6986	2
8045	1
3752	1
6545	1
7776	2
9493	1
9046	1
9581	2
2920	1
5255	1
8771	1
5879	1
2845	1
8319	1
4180	2
6334	3
6194	1
3885	1
7241	2
3773	1
7552	1
6534	1
5197	2
5722	1
6423	2
2986	3
8783	1
4455	2
4504	1
677	1
2831	2
9463	2
3210	3
8807	1
9901	1
5946	2
6956	1
2533	1
2093	2
4979	1
6002	1
1495	1
4290	1
8718	1
3457	2
769	2
5434	2
833	1
2368	2
6312	2
9522	1
6127	1
1180	2
7715	2
8767	1
1011	1
9133	2
4177	2
602	3
3387	1
222	3
2034	1
5558	1
7603	1
1482	1
2514	1
1643	1
3305	3
8511	3
6220	1
3068	2
4349	3
7522	1
4779	1
6896	2
6494	3
4957	3
2970	1
9451	1
844	2
4242	2
2547	1
1695	3
240	1
899	1
3464	2
1955	1
3791	1
487	1
6965	1
9410	2
6600	3
8101	2
5798	2
6730	2
431	2
2646	2
7671	2
1953	2
1379	1
2068	2
1590	1
6647	1
5718	2
1963	1
5324	1
5309	1
918	2
4257	2
3244	2
3451	2
5322	2
6470	2
7726	2
8629	3
4301	2
1551	3
4196	2
278	2
5645	4
3912	2
3848	1
4692	2
9215	1
6198	1
757	1
3553	1
2955	1
2613	3
1487	1
7091	2
4220	3
6425	1
1976	2
1018	1
7711	1
7824	2
7669	3
8893	2
8619	2
9691	2
9045	1
4126	1
2385	3
4249	1
1640	3
6614	1
9237	1
8017	1
9437	2
745	3
3183	3
3850	2
1342	2
2854	2
1087	2
7731	2
9011	2
5105	1
8056	1
9768	2
7970	1
8634	2
1650	1
2052	2
3081	3
4732	1
7857	2
1490	3
3376	1
7324	1
3893	1
268	1
2702	1
8587	2
5605	2
7291	1
8033	1
2022	1
6630	1
5314	3
3086	1
9481	3
9020	1
7395	3
9412	1
2261	3
6558	1
7854	1
3766	2
2291	2
7785	3
743	2
4379	1
6654	1
7215	1
6590	1
3204	2
3976	2
9791	2
6006	1
6994	2
7653	2
5184	2
1787	1
4976	2
1383	1
8242	1
9291	1
9990	2
6120	2
4400	3
2216	1
2954	1
8741	1
3826	2
8274	1
8794	1
3087	2
6143	4
6631	1
2398	1
5412	1
9573	1
9921	1
9306	1
8332	1
8023	1
9357	2
8530	2
7390	1
1100	2
2936	3
6557	2
5447	3
5086	1
4483	1
4513	2
466	1
1717	1
7664	2
3925	2
5030	2
7885	1
3116	2
1792	2
5561	3
1541	1
3257	1
519	1
5652	1
9537	2
690	1
4592	1
6714	2
4658	2
9696	2
1653	3
8084	1
7625	1
2005	1
6892	1
8874	1
5878	2
3775	1
3414	4
277	1
9722	1
740	1
2135	1
9655	1
3341	1
7959	1
6392	1
6865	2
5471	2
4397	3
9072	1
868	1
177	1
9483	2
4480	1
3639	1
2776	1
8354	1
8124	1
5143	2
3309	1
2604	1
6626	1
7705	2
7650	1
6762	2
7560	2
2571	1
395	1
7656	1
8221	2
5860	1
9758	2
2071	2
4538	1
8034	2
8886	1
9924	1
8424	1
9770	1
7790	1
7788	1
579	4
3025	2
6653	3
4323	1
6395	1
6277	2
660	2
8963	3
6803	1
7614	1
9892	2
520	3
8824	2
928	1
9425	2
7305	1
6978	1
4150	1
7059	1
5817	2
5566	1
3795	2
7693	2
4542	3
4353	2
5306	1
2554	2
524	1
3601	1
7463	3
6115	2
9907	2
6572	1
1263	1
9003	1
4648	2
9041	3
2693	1
9717	3
4361	2
6038	3
3494	1
3921	2
143	1
4850	1
922	1
2	3
8503	2
7175	3
3256	2
5836	2
7400	1
9233	1
9959	1
6218	4
7204	1
9838	2
2794	1
9861	2
4791	2
314	2
6444	1
452	2
1012	4
2641	2
325	1
8382	2
3792	1
4698	1
2027	2
2483	1
1990	1
4740	2
893	1
982	2
5608	2
7106	1
622	1
8996	4
3743	2
4876	1
8665	1
2539	1
9672	1
3800	2
2336	2
5516	3
3645	1
8411	2
5644	1
3586	1
6003	1
6768	1
4261	1
2662	2
149	1
5099	2
1077	1
9939	1
8613	1
1530	1
3267	1
250	1
749	1
6110	4
7105	1
9461	1
4811	2
2189	2
9498	2
4206	1
6398	1
7318	2
9530	4
1322	2
1069	2
9703	1
3825	2
1774	4
366	1
6789	1
7730	2
810	1
8659	1
5386	1
2823	2
3263	2
8871	2
6151	1
2119	1
6488	2
9794	2
9553	1
6123	2
2655	1
6358	1
1707	2
5537	1
7392	2
7109	1
7949	1
2774	2
1691	2
4185	2
3136	1
6323	2
3415	1
6615	1
2082	2
5800	2
3849	1
3182	1
1979	2
370	1
347	1
2367	1
2298	2
3284	1
1920	1
8392	2
8449	3
7070	2
6664	1
846	1
8397	1
1509	1
2258	2
7253	1
7167	2
4420	2
3475	2
5485	1
999	3
4743	2
8432	1
4108	1
4338	1
6259	1
3445	1
1821	1
3728	1
2862	1
766	2
4798	3
5936	2
7791	1
8906	3
3000	2
252	2
1162	1
9068	1
6116	1
2477	1
7507	1
2682	1
1043	2
4674	1
6207	1
9201	1
6688	1
7115	2
6113	2
7704	3
590	2
1351	1
835	1
1242	2
1793	1
3689	2
2552	3
4267	3
1092	3
7927	2
2117	1
1338	1
4262	1
5379	2
3896	3
2690	2
2489	1
8374	2
8235	2
9834	1
4848	3
55	2
8787	1
6710	1
9073	3
4493	2
380	2
996	1
6112	2
3515	1
7644	1
3772	1
5050	3
5498	1
3717	2
2035	1
8186	1
3436	1
5724	2
944	1
7836	1
9464	1
7423	2
7440	2
8447	1
2728	3
7227	2
2537	2
2722	5
464	2
9707	2
4025	1
4505	1
3755	2
7247	1
3312	2
3981	2
1749	1
8937	1
8202	1
3446	1
7746	2
6529	1
3598	3
3434	1
2957	1
9434	1
8001	1
2412	3
1688	1
8758	1
6792	1
1950	1
8814	2
1142	1
5045	3
3964	2
9666	1
2849	1
779	2
9121	1
5997	1
4898	2
801	3
3481	2
3882	3
9726	2
415	2
6148	2
4463	3
1830	2
9268	4
7920	2
3892	3
756	1
6875	2
9096	1
7619	1
7181	3
7473	1
7957	2
7298	3
7234	1
7586	1
2461	1
9601	1
9760	2
3841	2
7909	2
8098	1
8155	2
6264	1
3994	4
1365	1
4401	2
9399	1
1105	1
9643	1
4914	1
3149	2
3330	1
3056	1
1164	1
4926	1
923	1
6643	2
2225	2
5950	1
1895	1
8426	1
9017	1
8312	3
1007	1
4105	2
948	2
3726	1
5301	1
6114	1
8427	3
8888	1
3037	1
7465	1
1331	1
9610	2
8917	2
3626	1
175	2
9025	2
445	2
8584	1
5347	2
4492	2
9278	2
2764	1
3985	1
2746	2
9807	1
58	2
7572	3
6015	3
1878	4
521	1
2003	1
230	1
4715	2
9858	1
3521	1
2558	2
955	2
5093	2
1975	1
958	2
7221	1
313	2
8018	2
4424	2
8889	1
3310	1
9459	1
5823	1
9938	1
9746	1
5650	1
5597	1
5142	1
7213	2
6581	1
6241	2
924	3
2120	1
6184	1
1782	1
4111	1
8962	1
4167	2
3094	4
8773	2
8967	2
4256	3
2506	3
7962	1
4643	2
6234	1
3064	1
7781	1
7697	1
503	1
3920	1
7122	1
760	1
1126	2
3623	2
4452	4
5308	3
7771	1
5133	1
22	1
6227	2
6735	1
7038	1
5866	1
7296	1
406	1
2462	2
2786	2
7923	1
6707	2
8460	1
1271	2
5095	1
1734	1
8703	1
9155	1
6798	1
1507	1
151	2
8551	1
6170	2
4041	4
5628	1
2530	2
2593	2
6685	3
4627	2
7700	2
4669	2
3543	1
5420	1
8562	2
5215	2
9824	3
569	1
3627	2
6079	1
2281	2
1163	2
9993	2
300	2
9846	3
4625	1
9785	3
8525	1
4757	2
3010	2
9613	1
6806	3
2815	1
4076	2
5517	3
8240	2
9109	2
1044	3
8073	1
4330	2
6694	1
7376	2
8088	2
7121	3
5573	2
4938	2
7732	2
5633	1
4750	4
2423	1
4637	2
76	2
428	3
7994	1
2691	1
2674	1
7164	1
1972	1
6720	1
3044	3
2763	2
7633	1
1561	1
3603	2
4275	1
9780	2
7456	2
627	1
2951	1
7427	2
7196	1
447	1
7784	2
6071	1
5313	2
9466	2
4109	1
6244	1
8501	2
1848	2
7838	1
1235	2
2742	2
995	2
2751	2
4961	2
453	1
1842	1
9269	2
6560	1
6947	1
5285	1
4230	1
2602	1
72	2
9028	2
1114	4
8976	1
7960	2
1129	1
1907	3
4742	1
9083	1
8042	1
5891	1
5083	1
328	4
5362	2
5279	2
5538	1
3861	1
8169	2
7312	2
4055	2
7706	2
980	4
7044	2
8413	2
882	1
6432	3
4954	1
332	1
783	1
324	1
5458	1
978	3
108	1
3630	1
4650	1
9151	1
9271	1
9886	2
841	1
4058	2
8813	1
6571	1
6063	1
7667	2
140	2
427	2
6625	2
5701	2
7855	2
1928	2
4421	1
9090	1
6743	2
7244	3
8215	3
5150	2
3276	2
60	1
3140	2
4796	3
3490	3
8851	3
2480	1
5862	2
6008	1
374	2
2770	2
6216	2
5797	2
4068	1
1560	2
2254	1
2630	1
7936	1
6188	2
7749	1
2944	1
9616	1
3879	1
9002	1
3356	1
9755	1
3212	2
9134	2
3529	2
3065	1
737	1
8146	1
9650	1
4009	2
8936	3
9372	1
9817	1
3232	1
7415	2
6059	1
4518	1
3913	1
8351	3
8643	2
1411	1
6250	1
5995	2
9077	2
1304	1
413	2
6510	1
6332	2
1371	1
4552	2
6091	1
3054	1
9889	2
6918	1
5902	1
4540	2
1603	1
4188	1
189	2
5755	2
663	1
1082	2
5464	2
4199	1
5264	1
6468	2
7267	2
2039	2
5812	2
5361	1
3571	1
8110	2
9777	2
8933	1
7187	1
115	1
964	1
1719	1
1410	1
3915	1
9005	1
2921	2
2172	1
4802	2
1824	3
8304	1
6321	1
7060	1
1516	1
7773	2
1766	1
7879	2
8393	2
4148	1
805	1
435	1
6122	1
611	1
1731	1
4017	2
2515	1
6854	1
4892	2
5282	1
444	2
2848	2
1609	1
5616	1
2118	1
1769	2
8350	1
8607	2
377	1
360	1
2269	1
925	3
8482	3
9797	1
8477	1
8405	1
8489	1
3047	2
3459	2
9409	1
8295	2
7627	1
9447	2
1900	1
5032	2
2632	1
7620	1
5211	1
414	1
4578	1
8095	3
5638	1
9115	1
4521	3
8280	3
2939	1
7335	1
8422	1
7958	3
4325	1
7652	1
3478	1
4769	1
2600	1
7022	2
7525	2
1980	1
7176	2
2427	1
8123	1
7883	1
5486	1
8308	1
9368	2
8708	1
9427	1
1716	1
9116	3
6232	2
9943	3
5550	1
7202	2
5201	4
121	1
3786	2
6335	2
751	2
5236	1
3472	3
960	2
628	2
4432	1
3814	1
3860	2
3394	2
9474	2
1771	1
1666	1
3062	1
9570	1
8720	2
6775	1
5472	2
7403	1
3121	1
6477	1
136	2
1171	1
8744	2
9734	1
855	2
3647	2
8133	1
4922	1
3948	1
7578	1
5495	1
6391	1
3023	1
7910	1
6516	1
3184	1
971	1
2905	2
3483	2
7063	1
2878	1
5461	3
7778	2
443	5
6810	2
1229	1
8620	2
2773	2
7013	2
7228	1
3777	3
2468	2
2476	1
3503	3
7092	3
6131	1
2580	2
8063	2
3371	2
4854	2
3365	2
6783	1
3938	1
7169	1
5046	2
3269	1
1776	1
6409	1
9221	1
9706	1
3640	1
9184	4
9919	1
9727	1
7924	1
5067	1
239	2
1398	1
2579	2
8127	2
2778	1
9871	2
2634	1
2772	1
6152	3
4782	1
5139	2
4166	1
3133	1
9186	1
2330	1
726	2
7892	2
7294	2
6020	2
6266	2
6903	1
809	2
1003	2
8406	2
5188	2
7479	1
4738	2
8286	1
8005	2
8803	2
3408	1
5049	1
5196	4
2151	3
494	3
6272	2
2683	2
9882	1
8209	1
2881	1
6380	2
8840	2
3265	1
5514	1
8535	2
8027	1
5177	2
2968	1
1770	2
5505	1
2263	2
8472	2
6840	3
112	1
4528	2
8616	2
9142	1
4337	1
7534	1
8288	1
3950	1
6187	2
5160	1
5428	2
4910	1
3872	2
5487	2
508	3
7950	2
4263	2
3454	1
6939	2
2686	1
174	3
5835	2
4785	2
2274	1
6639	1
436	2
8483	1
4894	1
4918	1
1857	2
2329	2
5074	1
5570	1
202	2
8313	1
4586	1
8989	3
206	2
8208	2
4356	1
1874	1
5489	1
3807	1
8232	1
2363	3
1443	2
8352	1
3504	2
7568	1
2102	1
5971	2
7709	2
7003	2
4520	1
8524	2
7549	2
3823	2
9061	1
1306	1
7248	1
8612	3
5194	1
2549	1
2265	1
4548	1
9583	1
1712	1
8948	1
6262	1
6	1
5976	2
3869	2
8734	2
1730	1
441	3
8057	1
6333	1
6958	1
3159	2
5109	1
7518	1
6286	3
753	1
1904	1
5547	2
416	1
5025	1
4028	1
8538	1
1183	1
8190	1
1128	2
2673	2
9163	1
9248	2
7256	2
2737	1
6048	1
5089	2
6577	1
1252	3
4151	2
6164	1
3943	2
8391	2
9670	3
8792	3
1974	2
9392	1
9985	1
5526	2
8527	1
14	1
8417	1
3329	1
5317	1
604	2
1058	3
1330	2
4032	1
1373	2
3120	1
7905	1
7716	1
6341	1
1676	2
8298	1
9656	1
5397	1
5692	2
7142	2
8800	1
2235	1
3582	2
4143	2
4992	1
3750	3
5769	1
8259	1
4846	1
5631	1
8444	2
8269	1
8853	1
984	2
1169	2
6540	2
7045	1
273	1
3207	2
1190	1
8828	1
5559	2
1274	2
4005	1
5364	1
771	2
6422	1
550	3
2391	1
3725	2
2633	1
6309	1
8120	2
8856	1
702	2
7209	1
8608	1
8998	2
7412	2
4622	1
2804	1
5917	2
6165	1
7057	3
1215	2
1	2
8645	3
129	1
4303	1
1354	1
451	2
1281	1
7561	1
4997	3
2158	1
8218	1
4972	1
4833	1
7981	2
4736	1
4530	2
6513	2
5603	1
2306	1
3712	1
4414	1
1222	1
9054	1
9193	2
3487	2
1370	1
9684	3
2752	1
5438	2
5666	1
8498	2
2659	1
632	2
5935	1
8301	1
3696	1
7062	1
4722	1
3737	2
4048	2
8834	1
5239	1
518	1
2154	1
4945	2
3673	1
3493	1
5010	1
8329	1
5952	2
4759	2
7132	3
4146	1
5641	1
5433	2
1556	1
5957	1
5589	1
1906	1
3705	1
6025	1
9287	3
9687	1
3013	1
3531	1
3676	1
4067	1
3058	1
490	2
5987	3
9569	1
6938	1
9826	1
6329	1
906	1
7498	2
450	1
895	3
2499	1
5721	1
7260	1
2713	1
8825	2
6252	1
9783	2
8484	1
1451	1
9304	1
6774	2
9879	2
8015	1
4971	1
3067	1
139	1
1664	1
1635	2
5342	2
8577	2
2209	2
6476	3
2860	2
561	2
7026	2
6163	2
5232	1
1658	1
5977	4
4967	1
8322	1
9123	1
7347	1
412	1
9662	1
3723	1
7490	3
9336	1
5193	2
4687	1
9688	3
7606	1
2668	1
6659	2
6925	2
9114	1
396	2
5780	1
7583	2
144	1
1952	1
8275	2
9677	2
5180	1
3295	2
7804	3
8939	1
892	1
2769	3
2575	3
920	2
1736	4
4385	3
5967	1
4913	2
8632	1
5962	1
3103	2
832	1
1313	1
6739	2
3616	1
3730	2
7259	1
6088	1
7574	1
9765	1
1485	2
7547	1
7127	1
8969	2
8014	2
6715	1
3220	1
188	1
8986	3
619	1
8743	1
3811	3
199	1
157	1
2184	3
3196	2
3514	3
4138	1
6593	2
4734	1
6902	1
6624	1
5927	2
9100	1
9540	1
5318	2
3040	1
8262	1
2700	1
6535	2
6777	2
1409	1
7660	2
5069	3
5828	2
4443	1
8341	1
1430	2
6369	2
814	1
9904	2
5299	1
2975	2
1465	2
2675	2
1061	1
9501	2
9614	1
1289	1
1527	2
6827	1
2803	1
122	1
7775	1
7862	1
9240	2
8064	2
4405	1
7437	2
4845	1
2851	2
8905	2
4856	2
8631	2
7053	3
6229	1
2218	1
1637	2
7873	1
2663	1
3411	3
7279	1
8672	1
382	2
7336	1
2863	1
482	2
879	1
3693	3
8126	1
5920	3
5385	1
735	2
577	1
2361	3
4711	2
8191	1
69	2
6684	1
9110	1
2913	2
1789	2
4975	1
7229	2
3714	1
8859	2
8159	1
3059	1
2561	1
7131	3
3565	1
2605	1
3618	2
9729	2
1589	2
99	1
588	1
3902	2
9098	1
4702	2
1588	1
1022	1
4614	1
8065	1
3815	1
4989	2
4663	2
6656	2
7554	1
308	1
6592	1
2113	1
62	1
8181	1
4427	2
4059	1
3611	1
2299	1
3155	1
2464	1
9192	3
3073	1
77	2
8431	1
1300	1
2750	1
426	2
676	1
7947	1
2262	2
7067	1
1733	3
4853	1
223	2
9679	1
4942	1
2704	2
9890	2
564	1
5865	2
4000	1
9085	1
285	1
8097	1
5360	2
2689	2
1285	2
6464	2
4826	2
987	1
7699	1
5942	1
2972	2
6666	2
691	1
4207	1
3613	1
7174	1
4998	1
9439	1
4152	1
8158	2
1016	2
9855	2
1669	1
800	1
4561	1
4994	1
8968	1
3032	3
6944	1
6376	1
4015	3
684	1
3093	1
1714	2
3260	1
4531	1
8486	1
6683	1
5539	3
8850	1
3945	2
2753	1
5623	1
1262	1
3389	1
6276	2
6658	1
6280	1
4587	1
653	2
966	1
8513	1
8804	1
1978	1
8276	2
6289	1
2510	1
8509	2
2971	1
3970	1
5563	1
7084	2
1329	1
4378	1
581	2
8437	1
7593	1
1692	1
8267	2
8104	2
2932	2
3548	4
8650	2
5427	1
3070	2
3240	3
3046	1
1914	1
367	2
1532	3
8048	1
1622	1
5024	1
6011	2
3092	1
7144	2
1875	1
2711	2
2439	2
3392	1
2359	2
3262	1
7891	1
2174	2
8821	1
3400	2
7284	1
8504	1
5827	1
6769	1
8163	3
4016	1
4384	1
4746	1
5787	1
8901	1
7738	2
5504	1
1595	1
1755	1
7721	1
675	1
1497	1
1702	1
9071	1
1641	2
9308	1
7133	1
6629	1
9284	2
2448	1
555	1
5343	1
3055	1
2799	1
4246	1
5172	2
822	1
9289	2
6021	1
7357	2
5726	2
2196	2
9713	1
7364	1
3272	2
4100	1
3625	1
6450	1
8548	1
6031	1
5686	1
6047	1
2616	1
2040	2
8759	1
6178	1
2410	1
9290	1
4982	1
8881	2
5286	2
731	1
9800	1
7696	1
1977	1
9229	1
2479	1
3396	1
8869	1
7663	1
3781	1
368	1
3619	2
566	1
6842	1
1388	1
5019	2
8883	2
4621	2
6426	1
7858	2
4558	2
9337	1
1364	2
1218	1
5934	1
8677	1
7025	1
1415	1
2442	3
7107	1
5795	1
7287	1
1221	2
9408	1
7692	1
2175	2
6472	1
4172	1
5710	1
7492	1
8251	1
2889	2
7608	1
3993	2
6382	1
919	1
2181	1
3362	2
5270	2
6899	1
4965	3
350	1
8002	1
8265	1
7108	1
1475	1
7255	2
8214	2
3641	1
2289	1
9053	1
7581	1
6562	2
9145	1
4468	2
286	1
7783	1
2157	1
1498	1
1085	1
241	3
6383	1
9239	1
107	2
147	2
2020	2
6103	2
4607	1
1311	1
2273	2
7527	1
2837	1
2146	1
7647	1
1210	3
8742	1
6755	1
4686	1
4805	1
6800	1
6298	1
2143	2
3292	1
7551	1
9518	2
2001	2
7968	1
3466	1
649	1
2337	1
3769	2
7541	1
1238	1
9867	1
2469	1
1150	1
8942	2
9359	2
1060	3
8738	1
2276	1
6053	2
3358	1
9162	3
9286	2
4887	1
9968	1
9086	3
8420	2
8951	1
5837	1
5168	1
1139	2
3191	1
294	3
9477	1
8841	1
1593	1
985	1
4589	2
8134	1
4597	1
6153	2
7245	1
8488	1
8655	2
1949	1
7929	2
7942	1
1123	2
8467	1
845	2
7232	1
6602	2
6618	1
7599	1
2923	1
1429	1
4079	1
5698	1
8249	2
6076	3
9789	1
3934	1
6374	1
2152	1
6747	2
4931	1
7497	1
6530	1
9296	2
7001	1
7799	2
5266	1
2420	1
2293	2
3674	3
6801	2
1198	1
3969	1
5637	1
1795	2
7436	1
6129	1
7809	2
5357	2
1627	1
9297	1
6368	1
1966	2
8521	1
1459	1
1255	1
5295	1
63	1
1444	3
7338	2
7285	1
9819	1
2098	2
28	1
9327	2
6962	1
2278	2
9532	2
8899	1
851	2
5235	1
4721	1
9365	1
8282	1
5996	1
7018	1
2323	2
3704	1
8070	2
8533	1
4417	1
1566	3
553	1
111	1
7723	2
951	1
7190	1
9745	2
3343	2
343	1
1454	1
2886	1
6415	3
3338	1
4615	1
6147	1
7641	1
3518	2
3228	1
2087	2
8778	1
9482	4
1223	1
2868	2
1463	1
8150	2
21	2
5810	1
8984	2
4244	1
9384	1
2266	3
420	2
3931	3
6325	1
9404	1
2086	2
8121	1
2418	2
8707	1
8676	2
9018	2
2129	2
3360	2
9070	2
3883	1
5402	1
4591	2
1119	1
25	2
4013	1
3923	1
8368	2
8213	1
9673	1
8669	2
4662	1
6465	1
3003	2
1718	1
4036	2
4974	1
878	1
8919	2
2599	1
3564	2
9262	1
1446	1
5533	2
9913	1
8302	2
5503	1
5240	2
5383	3
5618	1
3012	2
5617	1
4335	1
6520	1
2133	2
7587	1
9118	1
4603	1
8410	2
9129	1
9514	2
5329	1
7374	2
3264	1
5864	1
9089	1
7316	1
9795	1
9139	2
3132	1
9592	3
9596	2
3143	2
4835	2
5717	1
6078	1
8225	1
4758	1
2985	1
4731	1
7511	1
5685	1
5103	2
8633	1
2719	1
5909	2
6191	1
661	1
2300	1
9627	1
1260	1
2109	1
4062	2
2790	1
6324	2
8047	2
2910	2
3249	1
8585	2
6677	2
8089	1
4797	2
9872	2
5123	1
6457	1
9618	2
4019	1
6972	1
7580	1
6406	1
1395	1
672	1
1425	1
8540	1
2756	3
5463	1
8277	2
6961	1
2237	1
2930	1
9600	1
5407	1
586	1
6686	2
7888	1
4747	1
8212	1
6821	1
5100	1
7286	1
7863	1
1380	2
4328	2
7628	1
4547	1
5502	2
95	2
5939	1
9735	1
1996	1
5951	2
3407	1
4357	1
1211	2
4165	1
3824	3
9170	1
2159	1
7940	1
434	1
8974	1
2190	1
110	1
458	1
178	2
2625	1
894	2
8582	2
6400	1
90	1
6089	1
9078	1
1856	2
418	1
6700	2
4863	2
3321	1
3203	2
8330	1
4124	2
9042	1
238	2
890	1
2980	2
7751	2
5066	2
3489	2
8334	1
4360	1
2233	1
9323	1
2404	1
9064	2
9497	1
3202	1
3838	1
9876	1
9354	1
6550	1
4137	1
7359	2
9835	2
4934	1
7311	2
9470	1
6412	1
3697	1
9405	2
7123	1
1958	1
5732	4
6884	1
1418	1
11	1
5931	2
9473	1
7517	1
5087	2
9925	1
338	2
516	1
197	1
7189	2
3027	1
6290	2
5980	1
4858	1
2541	1
6765	1
4973	2
2139	1
8664	2
1090	2
8681	1
2654	1
3431	1
9457	1
425	1
17	1
8660	2
4808	1
6060	1
3699	1
6062	1
5492	1
8777	1
4118	3
9657	1
5000	1
4364	1
9903	2
5455	1
8114	1
7536	1
2042	1
6327	2
2422	1
3413	2
6696	1
6267	2
9048	1
4125	2
1075	1
9511	1
3542	3
2164	1
8591	1
7933	2
2857	1
3767	2
2563	1
96	1
8693	1
7870	2
2463	1
818	2
5704	1
7422	2
1070	3
9661	3
6370	1
148	1
1809	2
1216	1
2466	1
6975	1
3605	2
8250	1
3658	2
8365	1
952	1
4498	2
8434	2
3955	1
4218	1
6016	1
5938	2
9216	2
1865	1
3373	1
2459	1
4665	1
5728	2
4501	2
7728	1
5179	1
6526	1
3949	2
7890	1
8641	1
8816	3
8925	1
3066	1
1693	1
2636	1
8973	1
7410	1
1257	2
5729	1
3117	1
9014	1
2671	1
2156	2
7717	1
5742	1
1742	2
4110	1
8075	1
3280	1
3846	1
5474	1
3006	1
956	1
9351	1
2941	1
7223	1
6100	2
9940	1
2440	1
7843	1
2621	2
231	1
33	3
6009	1
2853	1
5077	2
4224	1
8197	1
5788	1
758	1
4671	1
5500	1
3947	1
133	3
3742	1
8950	1
5681	1
2884	1
4191	2
4862	1
2952	2
8867	2
1297	1
7494	1
8560	1
9631	1
2310	1
4813	3
8910	1
3839	1
5649	1
2777	1
476	3
275	1
1538	1
2591	1
6861	1
9452	2
54	2
153	1
2182	1
8887	2
6587	1
2241	1
2979	1
1310	1
7441	2
8802	1
5136	2
8464	1
4190	2
5933	1
1104	1
4441	1
7111	1
2665	1
8570	1
1489	1
7186	2
9194	1
1376	1
900	1
5173	1
5646	3
7872	1
5039	2
440	1
6722	1
915	1
3594	1
4027	1
1973	1
4486	1
8769	1
3827	2
1305	1
5358	2
5661	1
1287	1
9927	1
5675	1
3185	1
7945	1
2246	1
256	1
4043	1
2882	2
1813	1
4186	3
2449	1
2991	1
8445	2
4260	2
5642	1
2387	2
3939	2
2904	1
8335	3
505	1
3790	2
1106	1
9909	1
2548	2
1177	1
5776	3
5965	1
6024	1
733	1
8724	3
8971	2
6814	2
2660	2
5850	1
7201	1
4800	1
7689	2
497	1
1568	2
2349	1
2620	1
7817	1
6349	2
3412	1
1759	1
5356	2
8875	1
7366	1
4783	1
7058	2
6175	1
2211	1
7007	1
1845	1
3550	1
1368	3
5750	1
5060	1
3005	1
5829	1
5791	1
8062	1
5350	1
8839	1
5569	1
9994	1
656	1
712	2
6570	3
736	1
5794	1
7226	1
8534	1
2664	2
16	2
1697	1
6815	3
7261	1
1542	1
2679	1
3098	1
1764	1
4271	1
7946	1
6408	1
3771	1
4628	1
7577	1
7313	1
975	1
3702	1
8399	2
73	1
1280	2
5712	3
3348	1
5822	2
8611	1
9914	2
8290	1
914	1
5036	1
5733	1
829	1
5207	1
3439	1
7199	1
6772	3
4387	2
5840	1
7659	1
4253	1
3796	1
1440	3
9281	2
7280	2
7934	1
7155	1
2657	4
3679	1
3709	1
1520	2
9837	2
5246	1
9647	2
8145	1
9612	1
6634	1
1091	1
9176	1
5708	1
5284	2
5079	1
7722	1
9199	2
5598	2
3538	1
471	1
7654	2
3770	1
6440	1
4266	1
1488	1
4507	1
3549	1
2008	1
4828	2
6197	1
4939	1
2760	1
3675	1
3319	1
609	3
7938	2
8383	1
9559	1
7825	2
8182	2
5969	2
2313	1
9066	1
6173	1
2030	1
6752	2
8394	2
2496	2
2286	1
4683	1
8390	1
4094	1
6314	1
7297	1
8556	1
7325	1
5097	1
5678	2
1901	1
824	2
5081	1
5674	2
1196	2
7642	1
8531	1
5404	1
8848	1
4541	1
283	1
7675	2
9894	2
9422	1
8401	3
3587	2
9977	4
1853	1
3467	2
7348	1
929	1
9469	1
5265	2
126	1
9519	2
8809	1
8384	1
4807	3
4983	1
4008	1
1175	1
2669	1
9741	2
8066	1
2283	1
8183	1
1115	2
2937	1
8811	2
8667	1
6945	2
3526	1
7265	2
6641	1
2830	1
4436	1
4843	1
9044	1
9842	1
7470	1
8243	1
3075	1
3740	1
4631	1
3578	1
9957	1
9711	2
1406	1
1127	1
4861	1
2320	3
7397	2
640	1
2347	1
253	1
5410	1
5814	3
4155	1
7973	1
9568	1
3306	2
4872	1
7351	2
9945	1
369	1
7353	1
3114	3
991	1
2553	1
6098	1
6221	1
3907	1
5839	1
6611	1
1636	1
9629	1
2024	2
6829	1
166	1
4408	1
2176	1
3535	1
693	1
9999	1
4115	1
5477	2
5672	1
9398	2
7152	1
4289	2
3014	1
7094	1
7250	2
8423	1
1117	1
682	1
9214	2
2748	1
9402	3
4754	1
2942	2
8366	1
8117	1
7944	1
5245	1
8601	2
4717	1
1290	1
2995	1
7921	1
7793	1
5124	1
1750	1
8389	1
3517	2
5274	1
1785	1
7685	2
4281	1
4175	2
9880	1
315	2
9962	1
2414	2
9019	1
2827	1
1302	2
8710	1
5454	1
4057	1
6361	2
8872	2
1384	1
3574	1
5432	3
5144	2
3170	1
1784	1
5249	1
2988	1
4200	2
9982	1
4596	1
2108	1
9637	1
3002	2
244	1
5206	1
8210	1
5250	1
9561	1
8136	1
4370	1
30	1
4204	1
4255	1
6431	1
3803	1
7243	1
5254	1
884	2
506	1
5600	1
6674	1
8453	1
1195	1
5964	1
3148	1
3784	2
3060	1
9954	3
794	1
939	1
6330	1
9190	1
7831	1
9495	2
9400	1
9633	1
8203	1
23	1
1264	2
5576	1
6576	1
2025	1
4350	1
2503	1
9575	1
3127	1
8317	1
1841	1
7802	1
7469	2
193	1
3090	1
6463	1
1671	1
1447	1
5341	1
8602	1
2931	2
8119	1
1838	1
6490	1
2966	2
158	1
7430	1
9032	1
3595	1
7532	1
3001	1
4168	2
644	1
8050	2
5799	1
6645	1
9528	1
9349	1
2144	1
8885	1
473	1
5910	1
6299	1
1780	2
9809	1
5043	1
3273	1
6608	1
9558	1
6501	1
5782	1
3713	1
9737	1
6589	2
6285	1
5497	2
8395	1
1467	1
7103	1
8589	1
9506	1
7914	1
6454	1
3154	1
7271	1
8668	1
9456	1
9941	1
9000	1
7056	2
8032	1
8305	1
8618	2
8140	1
6385	2
1887	1
9211	1
8651	2
4214	1
5102	1
6931	2
5157	1
6699	1
6734	1
5851	1
2898	1
6518	1
5687	2
8059	1
7222	1
4761	1
9010	1
2388	1
3388	1
8061	1
7833	1
8965	1
6977	1
6390	1
295	2
533	2
7424	2
2475	2
3134	2
4285	1
9640	2
1243	1
3867	1
1448	1
8896	1
2101	1
3049	1
8205	1
1093	2
1350	2
921	2
3367	1
6751	1
2759	1
9751	2
5118	1
1674	1
5647	1
4374	1
9620	1
2933	1
8493	1
5872	1
9776	1
643	1
1353	1
870	1
8043	1
2597	1
8367	2
2137	1
9823	1
2002	1
9594	1
1908	1
9598	1
8815	1
3812	2
9806	1
2425	1
2339	1
8022	1
198	1
7194	2
1301	1
5006	1
2676	2
8599	1
7724	1
4159	1
5521	2
8879	1
598	1
3097	1
5278	1
7725	1
7733	1
8381	1
3804	1
6816	1
7810	1
6753	2
5145	1
7861	1
9523	1
3813	1
856	1
792	3
5178	1
5802	1
2708	1
7856	2
6620	1
7263	1
2295	1
7573	1
2839	1
5176	2
4147	1
7996	1
1932	1
5534	1
9896	2
6757	1
5581	1
3433	1
3221	1
767	2
1265	1
9341	1
9792	2
8706	1
9120	1
1131	1
4819	1
6749	1
5627	1
6822	1
8082	1
3753	1
1747	2
4969	1
7342	1
7538	1
7868	1
9877	2
3719	2
548	1
7555	1
6288	1
4136	1
8100	1
7482	1
3986	1
8946	1
8658	2
3537	1
6068	1
8144	1
2111	2
6214	1
3914	1
7618	1
9436	1
2596	1
565	1
9386	1
3710	1
5132	1
907	2
8838	1
2319	1
6451	1
6781	2
8094	1
8372	1
7239	1
9915	1
6005	1
6043	1
9251	1
3492	1
9401	1
2961	1
973	1
3213	1
9209	1
4956	1
2198	1
1396	1
8522	1
45	1
5871	1
53	1
2417	1
2890	1
70	1
8471	1
6838	2
7815	1
135	1
1834	2
4849	1
6032	1
5267	1
6475	1
1391	1
4273	1
3809	1
3497	2
8805	1
5216	1
2416	1
8882	1
6912	1
134	2
739	1
8692	1
1439	2
2226	1
1191	1
1230	1
9822	1
1449	1
2967	1
3780	1
3830	1
5363	1
1543	1
8132	1
5140	1
3956	1
5090	1
8170	2
9024	1
6082	1
4886	1
323	1
5005	2
1886	1
8343	1
9438	1
4327	2
7333	1
8610	1
7966	1
9140	1
9767	1
3028	1
4901	1
4680	2
4762	1
261	2
8980	1
1988	1
8199	2
9450	1
8440	2
9235	1
3876	1
9388	1
105	2
3424	1
2529	1
8699	1
6258	1
9091	1
608	1
5071	1
571	1
3698	1
7881	1
3580	1
1029	1
4194	1
1948	1
1921	1
2253	1
6045	1
6609	1
9376	1
4839	1
170	1
6766	1
5772	1
8985	1
7852	1
3410	1
4925	2
3405	1
3998	1
4001	1
1656	1
9331	1
4929	1
2567	2
9502	1
2518	1
7925	2
1348	1
6990	1
6661	1
2872	1
8561	1
371	1
7595	1
4838	1
8776	1
730	1
5075	1
9960	1
2148	2
2758	1
1052	1
1741	1
232	2
2127	1
8596	1
3166	1
1345	1
9802	1
2217	1
2084	1
4020	1
353	1
9196	1
449	1
6099	3
5336	1
5381	1
8177	1
698	1
6411	1
927	1
8459	1
8466	2
8552	2
5355	1
6179	1
2315	1
9930	1
6257	1
1363	1
5055	1
9739	1
8662	1
7331	1
8480	1
75	2
992	2
1362	1
9319	2
6767	1
6126	1
224	1
7956	1
7512	2
8494	1
8143	1
3810	1
3522	1
233	1
3201	1
1253	1
8642	2
4279	1
6001	2
1840	1
2333	1
8995	1
5268	1
3648	2
840	1
3763	1
4645	1
8793	2
3079	1
4709	1
8765	1
7901	1
5281	1
429	1
2680	1
8592	1
7380	1
5632	1
4322	1
5577	1
6669	1
6054	1
5895	1
4571	1
257	1
1023	1
5979	1
3402	2
1408	1
4602	1
7999	1
5084	1
1239	1
6271	1
1333	1
1699	1
7741	1
8320	1
5258	2
1829	1
625	1
3239	1
103	1
4511	1
8256	1
3322	2
4086	1
9260	1
9225	1
5845	1
2395	2
6964	1
2638	1
618	1
8157	2
8877	1
945	1
9928	1
3831	1
9213	1
8696	1
2073	1
179	1
7823	1
9178	1
542	1
511	2
4395	1
576	2
997	2
1292	1
7761	2
376	1
6040	1
5926	1
7590	1
7002	1
1381	1
513	1
6157	1
678	1
7986	1
3583	1
7882	1
3050	1
5898	1
5730	1
5394	1
8079	1
1744	1
2698	1
8273	1
551	1
4508	1
9995	1
4158	1
1682	1
200	1
8512	2
6924	1
4375	1
2835	1
5973	2
7269	1
2699	1
8451	1
5289	1
1272	1
4630	1
7453	1
3829	1
1356	1
4681	1
5956	1
1670	1
5960	1
5114	3
7842	1
8151	1
910	1
8321	1
1160	1
606	1
156	1
4739	1
2723	2
2083	2
3509	1
1098	1
6515	1
2964	1
6845	1
9033	1
5583	2
4735	1
1035	1
8898	1
3615	1
6873	1
774	1
9060	1
4770	1
538	1
438	1
229	1
1407	1
5230	1
6328	1
2610	1
7214	1
5028	2
2834	1
7404	1
9859	1
1432	1
5107	1
7531	1
6556	1
5923	1
6028	1
7352	1
7049	1
8125	1
972	1
926	1
2017	1
86	1
5269	1
5658	1
4595	1
7309	1
3197	1
1027	1
9801	1
8981	1
5506	1
2784	1
6782	1
38	2
3523	1
2271	1
748	1
3274	1
6780	1
2384	2
2570	1
523	1
4793	1
6668	1
6201	1
4044	1
9348	1
32	1
7162	1
8324	1
7777	1
2651	1
2090	2
9778	1
902	1
7787	1
5820	1
1151	2
6416	1
2356	1
1620	1
2285	1
5354	1
221	1
2400	1
4479	1
6670	3
7254	1
8826	1
9320	1
4184	1
5739	1
3011	1
7589	1
462	1
2947	1
5915	1
1594	1
7897	1
9203	1
6595	1
9926	1
8029	1
4221	2
5657	1
7844	1
2606	1
5219	1
6052	1
4297	1
385	2
3734	1
6836	1
6104	2
7645	1
4641	1
9283	1
2716	1
7567	1
8876	1
3677	1
8465	1
8362	1
9175	1
9423	1
827	1
4624	1
7414	1
629	1
1327	1
2399	1
3847	1
185	1
3317	1
4345	1
7789	1
8663	1
5759	1
9549	1
5378	1
7100	1
1970	1
5473	1
750	1
2382	1
3972	1
3646	2
2814	1
4465	1
8289	1
9814	1
1231	1
5023	1
3188	1
6655	1
9491	1
4921	1
4943	1
5072	1
7869	1
7365	1
5740	1
866	1
3399	1
5781	1
6075	1
7763	1
574	1
3817	1
2717	2
2879	1
2188	1
9317	1
1913	1
2275	1
1698	2
1602	1
912	1
5765	1
3788	1
1991	1
6737	1
7829	1
8755	1
1247	1
9275	1
209	1
8750	1
942	1
8997	1
2512	1
9136	1
5416	1
7371	1
4212	1
3291	1
3557	1
8617	1
5156	2
7878	1
5337	1
8414	1
1797	1
3218	1
9166	1
1204	2
6824	1
1307	1
7451	1
7010	1
603	1
7520	1
1837	1
5989	1
1206	1
6320	1
43	1
5735	1
1343	2
1323	1
8442	1
8454	1
1133	1
1732	1
1213	1
9790	1
5155	1
6208	1
6004	1
4712	1
7350	1
9515	1
8229	1
8978	1
9757	1
3076	1
662	1
8495	1
3852	1
8216	2
3560	1
5665	1
9021	1
269	1
7582	1
1336	1
4241	1
6713	1
2732	2
6567	1
5945	1
493	1
6055	1
4278	2
318	1
529	1
3482	1
5183	1
4815	1
4691	1
860	1
5182	1
161	1
2344	1
2623	1
9702	1
8400	1
4634	1
9499	1
2381	2
9420	1
7416	1
2617	1
3401	1
9545	1
7330	1
2516	1
8470	1
1941	1
4908	1
4457	1
9267	1
1794	1
5702	1
1188	1
554	1
4827	1
6144	1
5493	1
4968	1
1394	1
7156	1
4642	1
2743	1
9891	1
6522	1
9009	2
7954	1
3739	1
7993	1
4132	1
7173	1
5051	1
854	1
7077	1
1915	2
1019	1
9764	1
4713	1
1457	1
8983	1
3200	1
8318	1
4629	1
2445	1
216	1
9189	1
2577	1
3597	1
27	1
7240	1
9608	1
1522	1
5975	1
37	1
1967	1
7917	1
4429	1
8336	1
6852	1
8204	1
1964	1
3754	1
2372	1
5121	1
5861	1
8115	1
354	1
6795	1
7183	1
539	1
3959	1
4120	1
6793	1
1601	1
1266	1
1791	1
5867	1
4745	1
6049	1
5949	1
2352	1
9659	1
8409	1
4314	1
5877	1
2817	1
3789	1
9984	1
7154	1
5393	1
1056	1
9676	1
4250	1
3873	1
6268	1
6897	1
5643	1
1309	1
2982	1
4970	1
6796	1
7017	1
9577	1
8908	1
9546	1
4880	1
5413	1
4422	1
6056	1
9747	1
7295	1
830	1
1648	1
6111	1
4533	1
6750	1
5307	1
5529	1
998	1
8195	1
9868	1
1335	1
8315	1
2810	1
1470	1
2065	1
3421	1
7489	1
1108	1
8952	1
9714	1
8673	1
6867	1
9900	1
6756	1
5334	1
9128	1
