1	1
2	1
3	2
4	1
5	2
8	1
10	1
13	1
15	4
16	3
17	1
20	1
21	1
24	3
28	1
29	1
30	1
31	2
32	2
33	1
34	1
37	1
38	1
39	2
40	1
43	1
44	3
45	1
47	1
50	1
51	1
53	2
54	1
57	1
62	2
68	2
69	1
71	3
72	4
77	1
78	1
80	1
81	3
82	3
83	2
84	1
86	1
88	1
90	2
94	1
95	1
97	1
98	1
99	2
100	1
101	2
103	1
105	2
106	2
109	1
110	1
113	1
114	3
115	1
116	1
118	1
119	3
120	1
121	1
122	2
123	2
124	1
125	1
127	1
129	1
131	1
132	1
133	1
134	2
136	1
138	1
139	2
141	1
143	2
144	2
145	2
146	1
147	1
150	1
151	2
152	1
153	2
154	1
155	1
156	4
157	1
158	1
159	1
160	1
161	1
162	1
163	1
164	1
165	2
166	5
168	1
169	1
170	3
171	1
172	1
174	2
175	2
179	1
180	2
181	4
182	1
184	1
185	2
186	1
187	2
188	1
190	2
191	2
194	1
195	1
198	2
199	1
201	1
202	2
204	1
206	3
208	3
210	1
211	1
212	3
217	2
218	2
220	2
222	1
223	1
224	3
225	1
226	2
228	2
229	1
230	1
231	2
235	2
236	2
237	1
238	1
239	1
240	4
244	1
245	1
248	1
249	1
251	3
252	2
253	3
255	1
256	1
257	1
258	1
260	1
262	1
263	2
264	1
265	2
266	1
267	1
268	1
269	1
271	1
272	3
274	3
278	1
279	1
280	3
281	2
283	4
284	1
285	3
286	1
288	1
289	2
290	1
291	2
292	1
294	2
296	1
297	1
301	1
303	1
305	2
306	2
308	1
310	2
314	1
315	2
316	1
318	2
320	3
322	1
325	1
327	2
328	2
331	2
332	1
336	2
338	2
342	1
344	1
346	2
347	1
348	1
349	1
350	4
351	1
352	1
353	1
356	1
357	3
358	2
361	2
362	1
365	1
367	2
370	1
373	1
374	1
376	1
379	2
381	1
382	1
383	1
384	2
385	1
388	1
389	1
393	2
395	1
397	1
400	2
403	1
405	1
408	1
410	1
411	1
412	1
413	2
414	2
415	1
418	2
420	1
421	1
424	2
425	3
426	1
429	1
430	3
431	1
435	3
437	1
439	3
440	1
442	1
443	1
444	1
445	1
447	1
448	1
449	1
450	1
451	2
452	1
454	1
455	2
456	1
458	1
460	1
463	1
464	1
465	1
466	1
469	1
470	1
471	2
472	1
473	3
474	2
475	1
478	2
481	2
482	1
483	1
485	1
486	3
487	1
488	2
492	2
493	1
496	2
498	1
499	2
500	4
501	3
504	1
506	1
507	1
509	3
510	2
511	1
512	1
514	1
515	1
516	1
517	1
518	2
520	1
521	3
524	1
525	2
526	1
528	1
529	1
532	3
534	1
536	1
537	2
538	2
539	2
540	1
543	3
545	2
546	2
548	2
549	1
550	1
551	1
556	3
558	1
560	1
562	1
563	3
566	1
567	1
568	2
569	4
570	1
571	3
572	1
573	1
574	1
575	5
577	1
579	1
580	1
581	1
582	1
583	2
584	1
588	1
589	1
590	1
591	2
592	1
593	2
595	2
596	1
597	2
598	1
599	1
600	1
602	1
604	1
605	2
606	2
607	3
608	1
611	4
613	3
614	2
615	1
616	3
617	2
618	2
619	2
622	5
625	1
626	2
629	1
632	1
634	2
635	1
637	2
638	1
639	1
640	2
641	2
643	2
645	2
646	1
648	3
649	2
650	1
651	1
652	3
655	2
657	1
658	2
661	1
662	2
664	3
667	1
670	1
671	1
673	2
674	1
675	2
676	1
677	1
678	1
679	2
680	2
681	1
683	2
684	4
685	2
687	2
688	4
689	1
691	3
694	1
695	1
697	1
698	3
699	3
703	2
704	1
705	1
707	1
708	1
710	3
712	3
713	1
714	2
715	2
718	1
719	1
720	2
721	1
722	1
723	1
724	1
725	1
727	1
728	2
729	1
730	3
733	1
735	3
736	1
737	2
738	1
739	1
740	1
741	1
742	1
743	1
745	1
746	1
749	1
751	1
753	1
755	2
756	1
757	3
762	1
763	1
765	1
766	4
767	2
769	1
770	1
772	2
775	2
776	1
778	3
779	1
781	3
782	4
783	2
784	4
785	1
787	2
791	1
792	1
794	4
797	1
798	1
802	1
803	1
804	3
805	3
806	1
807	2
808	4
809	2
812	2
813	1
814	1
815	1
816	1
817	1
820	1
825	2
827	2
828	1
829	2
832	1
833	2
834	2
835	1
837	1
838	2
840	1
841	1
842	1
844	2
847	2
848	1
850	2
852	2
854	1
856	1
859	1
862	2
864	1
865	1
866	2
867	1
868	1
869	1
870	2
871	1
872	1
873	2
878	2
881	3
884	2
885	2
886	4
887	1
889	1
893	1
896	3
898	4
899	1
905	1
906	1
908	1
910	1
911	3
912	1
913	1
914	1
916	1
918	2
919	1
920	1
921	1
922	1
923	1
926	3
927	1
928	2
930	1
931	1
932	1
933	2
934	1
936	1
937	1
942	1
943	1
945	4
946	1
948	2
950	3
951	2
952	1
957	3
959	1
962	1
965	1
966	2
967	1
970	1
971	1
973	5
975	2
976	2
978	1
980	2
981	1
982	1
983	2
985	2
988	1
989	1
990	2
992	1
993	2
995	1
1002	2
1003	3
1005	1
1006	2
1007	2
1008	1
1009	3
1010	1
1011	2
1013	2
1014	2
1015	1
1016	1
1017	4
1018	1
1021	2
1024	1
1025	1
1026	1
1027	2
1028	4
1029	1
1031	1
1032	1
1033	1
1035	2
1036	1
1037	1
1038	5
1040	2
1041	1
1047	2
1048	1
1049	1
1050	1
1051	2
1052	1
1053	1
1054	1
1056	2
1057	1
1058	1
1060	2
1061	5
1062	1
1063	2
1065	3
1066	1
1068	2
1071	1
1072	3
1074	2
1075	1
1076	1
1077	1
1079	1
1081	1
1083	2
1089	2
1090	2
1092	2
1094	1
1097	1
1098	1
1099	2
1104	1
1105	4
1106	1
1109	1
1110	1
1111	1
1112	1
1117	2
1120	4
1121	1
1122	1
1123	1
1125	1
1127	1
1128	2
1129	2
1130	1
1133	2
1134	1
1136	1
1138	1
1141	2
1142	2
1145	2
1147	2
1149	1
1151	1
1153	1
1156	2
1158	1
1159	1
1161	1
1162	1
1164	1
1165	2
1168	4
1169	1
1170	1
1171	1
1172	2
1173	1
1175	2
1176	3
1178	2
1179	1
1180	1
1181	1
1183	1
1184	2
1185	1
1186	1
1191	1
1192	1
1193	1
1194	1
1195	1
1197	3
1201	1
1202	2
1203	1
1204	1
1205	4
1206	1
1207	1
1209	2
1210	1
1211	3
1212	2
1213	3
1216	1
1217	1
1219	1
1220	1
1221	2
1222	2
1223	2
1225	3
1228	2
1233	2
1234	2
1235	2
1236	1
1238	1
1239	1
1241	2
1247	1
1248	1
1250	1
1253	2
1256	1
1257	2
1258	1
1259	1
1265	1
1266	1
1267	1
1269	1
1270	1
1271	1
1272	1
1273	1
1274	1
1275	1
1276	1
1278	2
1280	3
1283	2
1284	3
1286	1
1287	2
1288	2
1292	2
1293	1
1294	3
1297	2
1299	2
1300	1
1301	1
1302	4
1303	2
1304	3
1305	2
1306	1
1307	1
1308	2
1309	1
1310	1
1311	1
1312	1
1315	2
1316	1
1318	2
1319	1
1320	2
1321	3
1322	2
1325	3
1326	2
1327	1
1328	3
1329	2
1330	2
1331	1
1332	1
1334	2
1335	1
1337	2
1340	1
1341	1
1342	1
1344	4
1345	1
1348	4
1349	3
1350	1
1353	1
1354	2
1355	1
1357	1
1358	1
1360	3
1363	1
1364	2
1365	2
1366	1
1367	2
1371	1
1372	2
1375	1
1377	1
1378	2
1379	1
1381	1
1385	3
1389	1
1392	1
1393	2
1394	1
1395	3
1396	1
1397	1
1402	2
1403	1
1406	2
1407	1
1409	2
1412	1
1413	1
1414	1
1415	1
1417	1
1418	1
1421	2
1423	1
1427	1
1428	2
1431	3
1433	1
1435	1
1436	1
1437	5
1440	1
1441	1
1442	2
1444	1
1445	3
1446	1
1447	3
1448	3
1449	6
1451	1
1452	1
1454	4
1455	1
1457	1
1458	2
1459	1
1460	4
1462	1
1464	2
1465	2
1466	1
1467	2
1468	2
1469	1
1470	1
1473	2
1474	1
1476	1
1477	1
1478	1
1479	1
1480	2
1481	2
1484	1
1486	2
1487	1
1488	1
1489	2
1490	1
1492	1
1493	3
1494	1
1496	1
1498	1
1499	1
1503	2
1505	3
1507	4
1508	2
1509	2
1514	2
1515	3
1520	1
1521	1
1524	1
1526	2
1527	4
1529	1
1530	1
1531	1
1533	1
1534	1
1535	2
1536	1
1537	1
1538	2
1539	3
1540	1
1541	2
1542	1
1543	1
1544	2
1546	1
1547	1
1548	1
1550	2
1553	1
1554	1
1555	2
1556	1
1558	1
1560	2
1562	1
1563	1
1565	3
1566	1
1570	1
1571	1
1572	1
1573	1
1576	5
1577	2
1578	1
1580	1
1581	2
1583	1
1584	1
1585	1
1586	1
1588	1
1589	2
1591	1
1592	1
1593	1
1594	1
1595	4
1598	1
1599	3
1600	1
1601	1
1602	2
1604	1
1606	1
1607	1
1609	1
1611	2
1613	2
1614	2
1618	1
1620	3
1622	1
1624	1
1626	1
1628	1
1630	1
1631	1
1632	2
1633	3
1634	2
1636	2
1638	1
1639	1
1640	2
1641	2
1644	1
1645	3
1649	2
1650	2
1651	2
1652	2
1657	1
1659	1
1660	1
1661	1
1662	1
1663	2
1664	3
1665	1
1666	1
1668	2
1670	2
1674	1
1675	1
1676	2
1677	3
1679	1
1681	3
1683	1
1685	1
1686	1
1687	3
1690	2
1691	1
1693	1
1698	1
1699	1
1701	2
1704	1
1705	2
1707	2
1708	2
1710	1
1711	1
1712	1
1715	1
1716	1
1717	2
1718	3
1720	1
1722	1
1723	2
1724	1
1727	1
1728	1
1729	2
1730	3
1733	2
1734	1
1738	2
1741	4
1745	1
1747	2
1748	1
1750	1
1751	1
1752	1
1753	1
1754	1
1756	3
1757	1
1758	1
1759	4
1761	1
1762	1
1763	1
1764	2
1765	3
1769	3
1770	1
1772	1
1774	2
1775	1
1776	1
1778	1
1779	1
1781	1
1783	1
1784	1
1786	3
1788	1
1791	2
1793	2
1794	2
1795	2
1796	2
1798	2
1800	1
1801	1
1803	2
1806	2
1807	1
1808	1
1809	2
1813	2
1814	1
1815	2
1817	2
1820	2
1821	2
1822	2
1823	1
1825	1
1830	1
1831	1
1832	3
1833	1
1834	1
1838	3
1839	1
1841	3
1843	1
1845	1
1847	2
1850	1
1852	2
1853	2
1854	1
1855	1
1858	2
1859	2
1860	1
1861	2
1862	1
1863	1
1864	2
1865	2
1866	2
1867	1
1869	1
1870	3
1871	1
1874	1
1875	1
1876	3
1878	5
1879	1
1881	3
1882	2
1883	2
1884	2
1886	3
1888	1
1889	3
1890	2
1891	1
1892	2
1893	1
1894	2
1895	2
1899	4
1902	1
1904	1
1905	3
1906	1
1908	1
1909	2
1910	2
1912	1
1914	1
1915	1
1916	1
1918	1
1921	1
1922	3
1925	1
1926	2
1927	1
1928	1
1930	2
1931	1
1932	2
1933	2
1934	3
1935	1
1936	2
1937	2
1939	1
1943	1
1946	1
1947	2
1948	2
1951	1
1952	1
1954	1
1955	1
1957	1
1959	2
1960	2
1961	2
1963	3
1964	2
1965	1
1967	2
1968	2
1969	1
1970	4
1971	1
1973	5
1975	1
1977	1
1978	1
1979	3
1982	2
1983	1
1984	1
1987	1
1989	1
1991	2
1992	3
1993	1
2001	2
2002	2
2003	3
2006	4
2007	2
2008	2
2009	1
2011	1
2013	1
2015	2
2017	1
2018	3
2019	2
2022	1
2024	1
2025	1
2027	2
2028	2
2030	1
2032	2
2033	1
2034	2
2035	1
2037	2
2039	1
2040	1
2041	2
2042	1
2043	3
2044	1
2045	2
2046	2
2047	2
2048	1
2049	1
2050	1
2052	1
2053	1
2056	2
2057	1
2059	2
2060	3
2061	1
2062	1
2063	1
2064	2
2066	1
2067	1
2068	1
2069	1
2071	2
2073	1
2075	1
2076	2
2077	1
2080	2
2082	3
2083	1
2085	3
2087	2
2088	1
2089	1
2090	1
2091	1
2092	2
2093	1
2094	1
2096	2
2097	2
2098	3
2099	2
2100	1
2101	1
2103	2
2104	1
2107	1
2108	1
2109	1
2110	2
2111	1
2112	2
2113	1
2114	1
2115	1
2116	1
2117	3
2119	1
2120	2
2122	1
2124	2
2126	3
2127	1
2128	3
2129	2
2130	1
2131	3
2133	1
2135	1
2136	1
2137	3
2138	1
2139	3
2140	1
2142	1
2143	1
2145	1
2146	3
2148	1
2149	1
2150	1
2152	1
2154	1
2155	1
2156	1
2157	1
2158	1
2160	1
2161	3
2162	2
2163	1
2164	2
2165	2
2167	1
2170	1
2171	1
2175	1
2176	1
2177	1
2178	2
2179	3
2180	1
2181	2
2182	1
2185	1
2186	2
2189	2
2191	2
2192	1
2193	2
2195	1
2196	1
2197	1
2199	2
2200	2
2201	1
2203	2
2204	4
2205	3
2206	3
2208	3
2210	1
2211	2
2212	2
2213	3
2214	2
2216	5
2217	1
2219	2
2220	3
2222	3
2224	3
2225	1
2227	1
2229	1
2231	1
2232	2
2234	1
2235	4
2236	2
2238	2
2242	1
2243	1
2244	2
2245	1
2246	1
2247	1
2250	1
2251	1
2252	4
2253	2
2254	1
2255	1
2256	3
2257	1
2258	1
2259	1
2262	1
2264	1
2266	2
2269	1
2270	1
2271	3
2272	2
2275	1
2276	2
2277	3
2280	3
2281	1
2282	1
2284	1
2286	1
2288	1
2290	1
2291	1
2292	2
2293	4
2295	1
2296	2
2297	2
2299	1
2300	1
2301	1
2304	1
2306	1
2308	2
2309	2
2311	4
2315	2
2316	3
2317	1
2319	2
2320	1
2321	1
2323	1
2325	1
2327	2
2328	1
2329	2
2330	2
2332	1
2333	1
2336	1
2337	1
2338	1
2340	2
2341	1
2343	3
2345	2
2347	3
2349	1
2350	2
2352	1
2354	1
2356	1
2359	2
2360	1
2361	2
2363	1
2365	1
2366	3
2368	1
2373	2
2378	1
2379	2
2380	2
2381	1
2382	2
2385	1
2387	3
2391	2
2394	1
2395	1
2396	2
2398	1
2399	1
2400	2
2401	2
2402	2
2403	1
2404	1
2406	3
2407	1
2408	3
2409	1
2410	3
2411	1
2413	2
2414	1
2416	1
2417	2
2418	1
2420	3
2421	4
2422	1
2423	1
2425	1
2426	1
2427	1
2429	1
2431	3
2432	1
2435	1
2436	1
2437	2
2438	1
2440	1
2443	2
2445	1
2446	1
2447	3
2451	1
2453	3
2454	1
2455	1
2456	2
2457	2
2458	4
2460	1
2461	3
2462	1
2463	1
2464	1
2465	1
2466	3
2467	1
2468	2
2470	1
2471	1
2472	1
2473	2
2475	5
2476	1
2478	1
2481	1
2482	1
2483	3
2484	2
2487	2
2488	2
2489	1
2490	1
2491	3
2493	1
2497	3
2499	1
2500	1
2501	1
2503	1
2504	3
2505	2
2506	1
2507	2
2508	2
2509	1
2510	1
2511	2
2512	1
2513	2
2514	3
2515	1
2516	1
2517	1
2518	1
2524	1
2525	1
2526	2
2527	1
2528	1
2529	1
2530	1
2533	1
2534	1
2535	2
2538	1
2541	5
2544	1
2545	1
2547	1
2548	3
2550	3
2551	1
2553	1
2556	2
2560	2
2561	1
2563	2
2565	1
2567	2
2568	2
2569	2
2570	1
2571	1
2572	2
2573	1
2574	1
2577	2
2578	1
2579	2
2580	1
2581	1
2583	1
2584	1
2585	1
2587	1
2589	3
2590	2
2592	4
2593	4
2594	1
2596	1
2597	2
2599	1
2601	2
2602	1
2604	1
2605	1
2606	1
2608	1
2609	2
2612	2
2613	3
2615	2
2617	2
2618	1
2619	6
2621	3
2623	1
2624	3
2625	3
2626	1
2627	3
2629	1
2630	1
2631	1
2637	1
2639	1
2641	2
2642	1
2643	2
2644	1
2645	1
2646	3
2649	1
2650	1
2651	1
2656	1
2660	1
2663	2
2664	1
2666	1
2667	1
2668	1
2669	2
2672	1
2674	1
2675	1
2678	1
2679	1
2681	1
2682	2
2683	2
2684	3
2686	1
2687	1
2690	1
2691	1
2693	1
2694	1
2696	1
2697	1
2700	2
2704	2
2705	1
2706	1
2707	1
2708	2
2709	1
2710	1
2714	1
2716	1
2717	1
2718	5
2720	4
2721	1
2723	1
2725	1
2726	2
2727	1
2728	1
2730	1
2731	1
2732	1
2734	1
2736	2
2737	1
2738	1
2743	1
2744	1
2745	1
2747	1
2748	1
2749	2
2751	2
2753	1
2755	1
2756	1
2757	1
2758	1
2759	1
2760	3
2761	3
2762	1
2765	3
2768	2
2770	1
2772	1
2773	1
2774	3
2775	2
2776	1
2777	1
2779	1
2780	1
2781	4
2785	3
2786	2
2787	2
2788	1
2789	1
2790	1
2791	1
2792	2
2794	1
2797	2
2799	1
2801	1
2802	2
2804	1
2807	2
2809	1
2810	1
2814	3
2815	1
2817	3
2819	3
2820	2
2821	2
2822	1
2823	3
2824	2
2825	1
2826	1
2827	1
2828	2
2830	1
2831	2
2833	4
2834	1
2836	4
2837	1
2840	1
2841	2
2843	1
2844	1
2845	2
2846	1
2847	1
2848	2
2850	2
2851	2
2852	2
2854	1
2857	2
2858	1
2859	3
2860	1
2862	3
2863	4
2864	1
2866	2
2871	4
2872	1
2873	3
2874	2
2875	1
2877	3
2878	4
2881	2
2882	1
2883	1
2885	2
2886	1
2887	2
2888	2
2889	1
2890	1
2893	4
2894	3
2895	1
2896	3
2898	1
2899	1
2901	1
2903	1
2905	2
2906	2
2907	1
2910	2
2911	2
2913	2
2914	2
2915	1
2916	1
2917	3
2922	3
2924	1
2926	1
2927	2
2928	1
2929	1
2930	1
2931	1
2932	1
2934	1
2937	1
2940	2
2943	2
2945	2
2946	2
2948	1
2950	1
2953	1
2955	2
2956	1
2957	3
2959	2
2961	4
2962	1
2964	2
2965	1
2966	2
2967	1
2968	2
2971	2
2972	3
2973	3
2974	2
2977	2
2979	1
2980	1
2982	2
2985	1
2986	2
2987	1
2989	2
2990	1
2991	3
2992	3
2993	2
2994	4
2996	3
3000	4
3003	2
3005	1
3007	1
3009	2
3010	3
3011	1
3012	1
3014	1
3015	2
3016	2
3017	2
3018	2
3019	1
3021	1
3022	1
3023	2
3028	1
3030	1
3031	4
3033	2
3035	1
3036	1
3037	1
3038	2
3040	1
3041	2
3042	2
3044	1
3046	1
3047	1
3051	1
3054	1
3055	4
3057	3
3058	1
3059	1
3060	3
3061	2
3062	2
3064	2
3065	2
3066	3
3067	2
3070	1
3071	2
3072	1
3073	1
3077	1
3078	1
3082	2
3083	1
3084	2
3086	2
3087	1
3088	2
3090	2
3091	2
3093	1
3095	1
3097	1
3098	1
3099	1
3102	2
3105	3
3107	1
3108	3
3109	1
3113	4
3114	2
3115	1
3117	4
3120	1
3121	3
3122	1
3126	1
3127	2
3128	1
3129	1
3132	2
3137	1
3139	1
3140	1
3142	3
3144	3
3145	1
3146	1
3151	1
3152	2
3153	3
3154	1
3156	2
3157	2
3158	2
3160	2
3161	3
3164	2
3166	1
3167	1
3168	2
3171	2
3172	4
3173	1
3176	1
3177	1
3178	2
3179	1
3180	1
3181	1
3183	2
3185	2
3186	2
3189	1
3190	1
3191	1
3192	1
3193	1
3194	3
3196	1
3197	2
3198	1
3200	1
3201	2
3203	1
3207	1
3208	1
3210	1
3211	3
3212	2
3214	1
3215	1
3216	1
3217	1
3218	3
3219	2
3223	1
3226	1
3227	3
3228	1
3229	2
3230	1
3231	2
3233	1
3234	1
3240	1
3241	1
3242	2
3243	2
3244	1
3245	3
3246	2
3249	2
3251	1
3253	1
3254	1
3256	2
3258	1
3259	2
3261	2
3262	1
3263	1
3264	1
3265	1
3266	4
3267	4
3268	1
3269	2
3270	1
3276	1
3277	2
3278	1
3280	1
3284	1
3286	1
3287	2
3288	1
3289	3
3290	1
3292	1
3293	3
3294	3
3296	1
3297	1
3299	1
3300	1
3301	2
3302	1
3303	2
3306	1
3307	2
3308	1
3309	2
3310	1
3311	1
3315	1
3316	1
3317	2
3319	2
3321	1
3323	1
3325	4
3326	2
3327	3
3328	1
3329	2
3333	2
3334	1
3336	1
3337	2
3339	3
3340	1
3342	1
3343	1
3345	2
3346	1
3347	1
3348	1
3349	2
3353	2
3354	1
3355	3
3358	1
3360	1
3361	2
3362	2
3364	2
3367	1
3368	1
3369	2
3370	1
3371	2
3373	1
3374	3
3376	3
3377	1
3378	1
3380	1
3381	1
3382	4
3384	1
3387	1
3388	2
3389	3
3390	1
3391	1
3392	4
3394	1
3395	1
3397	1
3398	2
3400	1
3401	4
3403	2
3405	1
3407	1
3408	1
3410	1
3411	4
3415	1
3416	1
3418	2
3419	1
3420	2
3421	1
3423	1
3425	1
3430	1
3432	7
3433	1
3435	1
3436	2
3437	1
3440	1
3441	1
3443	2
3445	1
3446	1
3447	1
3448	2
3449	2
3452	1
3454	1
3455	1
3456	1
3457	1
3458	2
3459	1
3461	1
3464	2
3465	1
3466	2
3468	2
3471	2
3473	1
3474	1
3475	1
3476	1
3478	4
3479	1
3480	1
3481	4
3482	1
3483	1
3485	1
3486	1
3487	1
3488	2
3489	2
3490	3
3491	1
3492	1
3493	2
3494	1
3495	1
3497	2
3500	1
3502	1
3503	1
3506	2
3507	1
3510	2
3512	1
3513	2
3515	2
3516	1
3520	1
3523	1
3529	1
3530	2
3532	1
3534	1
3536	2
3538	1
3539	1
3540	1
3541	4
3542	1
3543	1
3545	1
3547	1
3548	1
3549	2
3551	3
3553	1
3554	1
3558	1
3560	1
3563	2
3564	1
3565	1
3566	1
3567	2
3568	4
3569	2
3570	1
3572	1
3573	1
3574	2
3575	2
3576	1
3577	1
3578	1
3580	1
3581	3
3583	2
3584	2
3587	1
3588	2
3590	1
3591	1
3593	1
3594	1
3595	5
3596	2
3597	2
3599	1
3600	1
3601	1
3603	1
3604	1
3606	1
3607	1
3608	1
3609	1
3610	1
3612	1
3614	2
3616	1
3618	1
3621	3
3622	2
3624	1
3625	2
3627	1
3628	1
3630	1
3631	3
3632	2
3633	1
3635	2
3637	1
3638	1
3640	2
3641	1
3642	1
3643	1
3644	1
3645	1
3647	2
3648	1
3649	1
3650	1
3651	2
3655	1
3656	1
3657	1
3658	2
3660	1
3662	3
3663	4
3664	2
3665	1
3666	1
3668	1
3669	2
3670	1
3671	1
3672	1
3673	3
3675	1
3676	1
3677	1
3678	1
3680	1
3681	2
3682	1
3683	4
3684	4
3685	1
3686	3
3687	1
3689	1
3691	1
3692	1
3693	3
3694	2
3695	3
3696	4
3697	1
3700	1
3701	2
3702	4
3703	1
3704	2
3705	1
3707	2
3708	1
3711	1
3712	2
3713	2
3715	1
3716	2
3717	1
3718	3
3721	2
3722	1
3723	2
3727	1
3728	1
3730	2
3732	1
3734	2
3737	1
3738	1
3740	2
3741	1
3743	1
3744	1
3747	3
3748	2
3750	1
3751	1
3752	1
3753	2
3754	2
3755	1
3758	1
3760	2
3763	1
3764	1
3766	2
3767	1
3768	3
3770	2
3772	2
3773	2
3774	3
3778	2
3779	2
3781	1
3782	2
3783	1
3784	1
3786	1
3788	2
3791	1
3793	1
3794	3
3796	2
3797	1
3800	1
3803	1
3805	1
3806	1
3807	1
3809	1
3811	1
3812	1
3815	1
3816	2
3817	2
3818	2
3819	3
3820	1
3821	1
3822	2
3823	1
3824	2
3825	1
3830	2
3831	1
3832	1
3833	1
3836	2
3837	2
3838	5
3840	4
3841	3
3843	1
3845	1
3848	1
3849	2
3850	1
3852	4
3854	3
3855	1
3856	1
3860	1
3861	2
3863	3
3865	2
3866	1
3869	2
3871	1
3872	1
3873	2
3875	2
3877	1
3878	1
3879	1
3880	3
3881	1
3882	1
3885	3
3889	1
3891	1
3892	2
3893	2
3894	1
3895	1
3897	1
3898	4
3900	1
3903	1
3904	1
3906	2
3907	1
3908	3
3910	1
3911	2
3912	3
3913	1
3914	1
3915	2
3917	4
3918	1
3920	2
3921	1
3922	3
3924	4
3927	1
3928	3
3930	1
3931	2
3933	3
3934	1
3935	2
3939	1
3940	2
3941	1
3942	1
3945	3
3946	2
3947	2
3948	2
3950	1
3954	2
3955	2
3956	1
3959	3
3961	1
3962	2
3963	1
3964	1
3966	3
3967	1
3969	1
3972	2
3973	1
3978	1
3980	2
3981	1
3982	1
3983	1
3985	1
3986	1
3987	5
3988	4
3989	1
3990	1
3993	2
3995	1
3996	1
3997	1
3998	4
3999	3
4000	1
4005	2
4006	1
4009	3
4012	2
4013	1
4015	1
4016	2
4017	1
4018	4
4019	1
4020	1
4021	1
4022	1
4023	1
4024	1
4026	1
4027	1
4028	2
4029	1
4030	1
4031	2
4033	1
4037	2
4039	1
4040	2
4044	1
4045	1
4046	2
4048	1
4049	1
4051	1
4052	2
4055	1
4057	3
4058	1
4060	2
4064	1
4066	1
4068	1
4069	1
4070	2
4073	1
4074	3
4075	1
4077	2
4078	3
4079	2
4080	1
4081	1
4083	2
4084	2
4086	1
4087	2
4088	2
4093	1
4094	1
4095	2
4097	3
4098	1
4099	2
4100	3
4101	1
4104	2
4108	1
4109	1
4110	2
4111	3
4112	1
4113	1
4114	1
4115	1
4116	2
4118	3
4119	2
4124	2
4125	1
4126	1
4128	2
4129	1
4133	1
4134	2
4135	1
4137	1
4138	2
4139	1
4142	1
4143	1
4144	1
4146	4
4147	1
4148	3
4150	1
4152	1
4153	1
4154	4
4157	1
4158	1
4159	1
4160	1
4161	2
4162	2
4163	4
4164	3
4167	1
4168	1
4169	1
4170	3
4172	2
4176	1
4178	2
4183	1
4184	3
4185	1
4186	2
4187	1
4188	1
4189	1
4191	2
4192	1
4193	3
4195	2
4197	1
4199	1
4201	2
4202	2
4203	1
4204	1
4206	3
4208	2
4209	1
4210	1
4211	1
4212	3
4213	1
4215	1
4217	1
4218	1
4219	2
4221	1
4224	1
4228	2
4229	1
4230	1
4231	1
4234	1
4235	1
4236	1
4240	1
4241	2
4242	5
4243	2
4244	1
4245	1
4246	1
4247	1
4248	1
4249	1
4250	2
4251	1
4252	1
4253	2
4255	2
4256	1
4258	1
4259	2
4260	1
4261	1
4262	1
4264	1
4265	1
4266	1
4268	2
4270	4
4271	1
4274	1
4276	1
4277	1
4279	2
4281	1
4283	1
4284	1
4286	3
4287	1
4289	1
4290	1
4292	1
4293	2
4294	1
4295	2
4296	2
4297	1
4298	1
4299	1
4301	1
4302	1
4303	6
4307	2
4311	1
4312	1
4313	2
4315	1
4316	1
4319	1
4321	1
4322	1
4323	5
4324	2
4326	1
4327	1
4329	1
4330	1
4331	1
4333	2
4334	4
4335	2
4336	2
4337	1
4340	2
4344	3
4347	2
4348	1
4350	1
4351	1
4353	1
4354	1
4355	1
4356	2
4358	3
4363	2
4364	1
4365	1
4367	2
4368	2
4369	2
4370	1
4372	2
4374	2
4375	3
4376	3
4377	1
4378	2
4380	2
4381	1
4382	1
4383	2
4385	1
4386	2
4387	3
4391	1
4392	2
4393	1
4394	1
4396	1
4397	2
4398	2
4401	1
4402	1
4404	1
4405	2
4407	1
4408	2
4411	1
4412	1
4413	1
4414	1
4415	2
4417	2
4418	1
4419	2
4421	2
4422	1
4423	2
4424	2
4425	2
4429	1
4430	1
4431	1
4439	1
4440	2
4442	1
4446	1
4447	2
4451	1
4452	2
4453	2
4454	4
4455	2
4456	1
4457	2
4458	2
4460	1
4462	1
4464	2
4466	1
4467	2
4468	1
4471	2
4477	5
4478	1
4479	2
4480	1
4482	1
4483	2
4485	2
4486	2
4488	1
4491	2
4492	1
4493	1
4494	2
4495	1
4496	1
4497	1
4498	1
4499	1
4501	1
4502	1
4504	2
4505	2
4507	1
4508	1
4510	1
4511	1
4513	1
4514	1
4515	1
4516	1
4518	1
4519	4
4520	2
4521	3
4522	1
4523	1
4524	2
4525	3
4526	1
4530	1
4532	1
4536	1
4537	1
4538	1
4539	1
4540	1
4543	1
4544	2
4546	1
4547	1
4548	3
4549	1
4550	2
4552	1
4553	2
4554	2
4556	1
4557	1
4558	1
4559	2
4561	1
4563	2
4564	2
4565	1
4566	1
4567	1
4568	1
4569	2
4572	1
4575	1
4577	1
4578	1
4579	2
4582	3
4583	1
4585	2
4586	3
4587	1
4590	2
4592	1
4593	1
4597	2
4600	1
4602	1
4603	2
4604	2
4607	1
4610	1
4611	1
4612	3
4613	3
4615	2
4618	1
4619	2
4620	3
4622	1
4623	1
4624	1
4625	1
4628	1
4629	1
4630	5
4631	2
4634	1
4635	1
4637	2
4638	1
4639	1
4640	1
4642	1
4644	1
4645	1
4647	2
4648	2
4651	2
4654	1
4656	1
4657	2
4658	1
4659	2
4660	1
4663	1
4664	1
4665	1
4667	2
4668	1
4669	1
4670	1
4672	3
4673	1
4676	1
4677	3
4680	2
4681	3
4684	1
4686	1
4688	1
4690	1
4691	1
4692	1
4693	1
4696	2
4697	1
4698	1
4699	2
4700	1
4701	1
4702	1
4704	3
4705	2
4707	1
4708	1
4710	1
4711	2
4712	1
4713	1
4714	2
4716	1
4718	1
4719	2
4720	1
4721	1
4722	1
4723	2
4726	1
4728	5
4729	3
4730	1
4731	4
4732	4
4733	1
4734	1
4735	1
4736	2
4737	1
4739	1
4742	1
4743	1
4744	2
4745	3
4747	1
4749	2
4751	1
4752	1
4753	5
4754	1
4755	1
4757	1
4758	2
4759	2
4760	2
4761	1
4762	1
4763	1
4764	1
4765	1
4767	1
4769	1
4772	4
4778	3
4779	3
4781	2
4783	3
4785	1
4786	1
4787	1
4791	1
4792	1
4797	2
4798	1
4799	1
4800	1
4801	1
4802	3
4804	1
4805	1
4806	1
4807	2
4808	2
4809	1
4810	2
4811	1
4812	1
4815	2
4816	2
4817	1
4819	3
4820	1
4821	2
4822	2
4825	5
4827	2
4829	1
4830	2
4831	2
4833	1
4834	1
4835	2
4836	1
4839	2
4840	2
4842	1
4843	2
4845	3
4846	4
4847	2
4851	1
4852	3
4853	1
4854	1
4855	1
4858	1
4860	3
4861	1
4862	1
4867	1
4868	1
4869	1
4870	2
4872	2
4873	1
4877	2
4879	1
4882	2
4883	2
4885	2
4886	2
4887	1
4888	1
4889	2
4890	2
4892	1
4893	3
4894	2
4895	2
4896	1
4897	1
4899	1
4900	1
4901	3
4902	2
4903	3
4904	1
4905	2
4906	1
4907	1
4908	1
4909	1
4910	2
4912	2
4915	3
4916	1
4917	3
4920	1
4922	1
4923	1
4925	1
4929	1
4930	1
4931	1
4932	2
4936	4
4937	2
4940	1
4941	1
4942	1
4943	1
4944	1
4945	4
4947	2
4948	1
4950	1
4952	1
4954	2
4960	2
4961	1
4964	1
4965	1
4966	2
4967	2
4968	1
4970	1
4971	2
4972	1
4974	1
4977	1
4978	5
4979	2
4980	1
4981	1
4982	1
4983	1
4984	1
4985	3
4987	1
4988	3
4990	1
4993	2
4994	3
4996	2
4997	1
4999	1
5001	1
5002	1
5003	1
5004	1
5005	3
5008	1
5009	1
5010	1
5012	2
5013	3
5014	2
5016	1
5017	1
5019	2
5020	1
5021	3
5022	2
5023	2
5025	1
5026	2
5027	1
5030	2
5031	1
5037	1
5039	3
5040	2
5042	2
5046	1
5048	2
5050	1
5052	4
5053	1
5054	1
5055	1
5056	4
5057	2
5059	2
5060	2
5061	2
5062	3
5063	2
5064	2
5065	1
5066	1
5067	1
5069	2
5070	2
5071	1
5072	1
5073	1
5074	1
5075	1
5076	1
5078	2
5081	1
5082	1
5083	1
5086	2
5088	3
5089	2
5090	1
5091	1
5092	2
5093	3
5094	1
5096	1
5097	1
5098	1
5100	2
5101	2
5103	1
5104	1
5108	2
5109	2
5110	1
5111	3
5112	1
5113	1
5114	1
5115	3
5116	1
5118	2
5119	1
5121	1
5123	3
5125	1
5126	1
5129	1
5130	2
5131	2
5132	2
5133	1
5135	2
5138	1
5139	2
5140	1
5145	4
5146	2
5150	2
5151	4
5154	1
5155	2
5156	2
5158	2
5160	2
5161	1
5162	1
5163	1
5164	3
5166	1
5168	1
5170	3
5173	1
5174	1
5175	2
5176	4
5180	1
5182	3
5183	1
5184	1
5185	1
5186	1
5187	1
5188	2
5190	1
5192	1
5193	2
5194	2
5195	1
5197	2
5200	3
5202	2
5203	1
5204	1
5205	2
5206	1
5207	2
5208	1
5210	2
5211	1
5212	3
5213	2
5214	1
5215	1
5219	2
5220	1
5221	1
5222	1
5224	2
5229	4
5230	1
5232	1
5233	1
5236	3
5238	2
5240	3
5242	1
5247	1
5248	1
5249	1
5255	1
5256	3
5257	2
5259	1
5261	3
5263	1
5264	1
5265	1
5266	1
5267	2
5268	3
5269	1
5271	1
5273	2
5274	1
5275	1
5277	2
5278	1
5279	1
5281	1
5282	1
5283	2
5284	1
5287	1
5288	1
5289	1
5290	1
5293	2
5294	1
5295	1
5297	1
5298	2
5299	1
5300	1
5301	1
5302	4
5303	2
5304	1
5305	1
5307	1
5308	1
5309	2
5313	1
5315	2
5317	2
5318	2
5320	3
5321	2
5322	1
5323	2
5325	1
5326	2
5329	3
5330	2
5331	1
5332	1
5334	2
5338	1
5339	2
5340	1
5341	1
5342	1
5343	2
5344	1
5345	1
5346	3
5347	1
5348	2
5349	4
5354	3
5355	2
5356	1
5357	1
5359	2
5362	3
5363	2
5365	2
5368	2
5369	3
5370	1
5371	2
5372	1
5373	1
5374	2
5375	1
5376	2
5378	2
5380	2
5381	1
5384	2
5386	1
5387	1
5388	2
5389	1
5391	3
5392	1
5393	1
5394	3
5397	1
5398	1
5399	2
5401	1
5402	1
5403	3
5405	1
5407	1
5408	1
5409	2
5411	6
5412	4
5414	1
5417	1
5418	1
5419	1
5420	1
5422	2
5423	1
5424	1
5425	1
5426	2
5427	1
5428	1
5432	1
5433	1
5435	1
5436	1
5440	2
5446	1
5449	2
5450	1
5451	1
5454	2
5455	1
5456	1
5457	2
5459	1
5460	1
5461	2
5462	1
5463	1
5464	3
5465	2
5468	2
5469	1
5471	2
5472	2
5473	1
5476	2
5480	1
5481	2
5482	1
5484	1
5486	2
5487	2
5488	1
5491	1
5493	1
5494	2
5495	1
5498	1
5499	2
5501	1
5502	2
5503	3
5504	1
5507	1
5508	1
5509	1
5510	1
5511	1
5512	3
5513	3
5514	1
5515	1
5516	1
5518	1
5519	1
5520	2
5522	1
5523	3
5524	1
5525	2
5528	2
5530	2
5531	1
5534	1
5535	1
5536	1
5537	1
5538	1
5539	1
5540	2
5541	1
5542	1
5544	2
5546	1
5547	2
5548	2
5550	2
5553	2
5554	1
5555	1
5559	1
5560	4
5562	1
5564	1
5565	1
5566	1
5567	2
5568	3
5569	1
5571	1
5572	2
5574	1
5577	2
5578	1
5583	1
5585	3
5586	2
5587	4
5589	1
5591	2
5592	3
5593	1
5595	1
5596	1
5598	2
5599	1
5600	3
5602	1
5604	3
5606	4
5607	1
5611	2
5612	1
5613	1
5614	1
5615	1
5616	1
5618	1
5619	1
5620	3
5622	3
5623	1
5624	1
5625	2
5627	1
5629	1
5631	2
5632	2
5634	2
5639	1
5641	1
5642	1
5643	1
5644	3
5646	1
5648	2
5650	1
5651	2
5652	1
5653	2
5654	1
5656	1
5657	1
5659	1
5660	1
5661	1
5662	2
5664	1
5665	1
5666	2
5667	2
5668	1
5669	1
5670	1
5672	4
5673	1
5674	2
5675	2
5676	2
5678	1
5679	1
5681	1
5682	2
5686	2
5687	3
5690	1
5691	2
5693	1
5694	1
5695	1
5697	1
5699	1
5702	2
5705	1
5706	2
5707	1
5708	3
5709	1
5711	1
5712	1
5713	2
5714	4
5715	2
5716	1
5717	1
5718	2
5719	2
5720	4
5721	2
5722	1
5723	1
5724	1
5725	1
5726	1
5727	2
5728	3
5729	1
5732	2
5733	1
5734	2
5736	2
5737	1
5738	2
5739	1
5740	2
5742	1
5747	2
5749	1
5750	1
5751	1
5752	1
5754	1
5755	1
5756	2
5758	1
5759	1
5760	1
5761	1
5762	1
5763	3
5766	2
5767	2
5768	2
5769	1
5770	1
5771	3
5773	1
5774	3
5775	1
5778	2
5779	3
5780	1
5781	1
5784	1
5785	1
5788	4
5789	1
5790	2
5791	2
5792	3
5794	1
5795	1
5798	1
5799	3
5800	1
5802	1
5803	1
5804	3
5807	1
5808	1
5809	1
5813	1
5815	1
5817	2
5819	2
5820	1
5821	2
5822	3
5824	1
5825	1
5826	1
5827	2
5828	1
5829	1
5831	1
5832	1
5833	2
5834	1
5838	2
5843	1
5845	2
5848	1
5849	1
5850	1
5852	2
5856	1
5857	4
5858	1
5861	1
5862	1
5863	4
5864	1
5865	1
5866	2
5867	3
5869	3
5870	2
5872	1
5873	2
5874	1
5876	1
5877	1
5878	2
5880	1
5882	2
5883	1
5885	1
5886	4
5888	1
5889	1
5892	1
5893	1
5894	1
5896	2
5897	2
5898	3
5899	1
5900	3
5901	3
5905	1
5906	1
5908	1
5911	2
5916	1
5918	2
5919	1
5920	4
5921	1
5922	1
5924	2
5925	2
5929	1
5932	2
5933	2
5935	1
5938	1
5940	1
5941	1
5942	2
5946	1
5948	2
5949	1
5950	1
5951	1
5952	2
5953	1
5954	2
5955	2
5956	1
5961	1
5964	1
5965	2
5966	2
5967	2
5968	2
5970	2
5971	3
5972	1
5973	2
5977	2
5979	2
5980	1
5981	1
5982	1
5984	2
5985	1
5986	1
5987	1
5988	1
5989	1
5990	1
5991	4
5994	1
5995	3
5997	1
5998	2
5999	2
6000	3
6002	1
6003	3
6004	1
6005	1
6006	2
6010	1
6011	1
6013	2
6014	1
6016	1
6017	1
6019	2
6020	1
6021	2
6022	2
6023	1
6024	2
6025	3
6028	1
6029	2
6030	1
6031	1
6032	1
6034	1
6035	1
6038	2
6041	2
6043	1
6045	1
6046	2
6047	1
6049	2
6052	2
6054	2
6055	2
6056	5
6057	2
6058	1
6060	2
6064	1
6067	1
6069	1
6071	3
6072	1
6078	1
6079	2
6081	2
6082	2
6083	1
6085	2
6086	3
6087	1
6089	2
6092	2
6094	1
6095	1
6097	2
6101	2
6102	2
6103	2
6106	3
6107	1
6108	1
6109	2
6110	1
6111	1
6113	1
6114	1
6115	1
6118	2
6119	2
6120	1
6121	1
6122	2
6123	1
6125	1
6126	1
6127	1
6129	2
6132	1
6133	1
6134	1
6135	1
6139	2
6140	1
6141	2
6142	3
6144	1
6145	1
6146	2
6147	1
6149	4
6150	3
6152	1
6154	1
6155	2
6156	2
6158	2
6160	4
6161	1
6162	1
6164	1
6165	1
6166	2
6168	2
6170	1
6171	3
6173	1
6174	2
6175	1
6176	1
6177	2
6178	2
6179	3
6181	1
6183	2
6184	2
6185	1
6186	2
6187	2
6190	2
6192	2
6194	3
6195	2
6196	1
6197	1
6201	3
6202	1
6204	1
6208	1
6209	2
6211	1
6214	1
6215	2
6216	1
6217	1
6218	2
6219	1
6222	2
6228	1
6230	1
6231	1
6233	4
6234	2
6237	2
6240	1
6241	2
6242	2
6244	1
6245	1
6246	1
6247	1
6248	2
6251	2
6253	1
6255	3
6257	2
6259	1
6261	1
6262	2
6265	1
6269	2
6271	1
6272	1
6273	1
6274	2
6276	2
6278	2
6279	3
6281	1
6285	2
6286	2
6287	1
6290	4
6291	1
6295	1
6296	2
6298	1
6299	1
6301	1
6304	1
6305	1
6308	2
6309	2
6310	2
6311	1
6313	2
6315	1
6317	1
6318	1
6319	2
6320	1
6323	1
6324	2
6325	3
6329	2
6331	1
6332	1
6333	2
6334	2
6337	2
6338	1
6339	1
6340	1
6343	1
6344	1
6345	1
6346	3
6348	3
6349	1
6351	1
6354	1
6355	1
6357	2
6358	1
6359	1
6360	2
6366	2
6368	1
6369	1
6373	1
6375	1
6376	2
6377	1
6380	1
6381	1
6382	1
6384	1
6387	1
6389	3
6393	1
6394	4
6396	1
6397	1
6399	2
6400	4
6401	1
6402	3
6404	1
6405	5
6407	1
6408	1
6409	2
6410	1
6411	1
6412	2
6414	4
6415	2
6416	1
6417	2
6419	1
6420	1
6423	1
6424	1
6427	1
6428	1
6429	2
6430	1
6432	2
6433	2
6435	1
6436	1
6437	2
6439	1
6442	1
6443	3
6446	2
6448	1
6449	1
6450	2
6451	2
6453	1
6454	1
6455	1
6457	4
6458	2
6460	2
6461	1
6462	3
6465	2
6466	1
6468	1
6469	1
6471	1
6472	2
6473	1
6477	1
6478	1
6479	1
6480	2
6481	2
6485	1
6486	1
6487	1
6491	1
6492	1
6493	2
6494	3
6495	1
6497	1
6498	1
6499	3
6500	2
6501	2
6504	1
6505	2
6506	1
6508	2
6510	2
6512	1
6513	2
6514	1
6515	1
6517	2
6518	2
6519	3
6520	2
6521	1
6523	1
6525	1
6527	2
6528	3
6529	1
6531	1
6533	1
6534	1
6535	1
6536	2
6537	1
6538	3
6539	1
6540	1
6541	2
6542	1
6543	1
6544	2
6546	3
6548	1
6551	1
6552	2
6554	1
6556	1
6557	1
6559	1
6560	1
6561	1
6565	2
6566	1
6567	2
6568	1
6569	1
6570	2
6571	2
6572	1
6573	1
6574	2
6576	1
6581	1
6582	2
6584	1
6585	2
6587	1
6588	2
6589	1
6592	1
6595	1
6596	2
6598	1
6601	3
6602	3
6603	1
6605	2
6608	2
6609	2
6611	1
6617	2
6618	1
6619	1
6622	1
6623	1
6625	2
6626	1
6627	2
6629	2
6630	1
6632	1
6633	1
6635	1
6637	2
6638	2
6639	3
6640	1
6641	1
6644	1
6647	2
6648	1
6649	1
6650	1
6652	1
6654	1
6655	1
6656	2
6658	3
6659	2
6661	2
6662	2
6663	1
6664	1
6665	2
6666	1
6667	1
6668	1
6669	3
6670	1
6671	1
6672	1
6673	1
6678	1
6681	4
6682	1
6683	2
6686	3
6687	2
6689	4
6690	1
6694	1
6696	1
6700	2
6701	1
6703	1
6704	1
6705	2
6707	1
6708	2
6709	1
6712	2
6713	1
6716	2
6717	1
6718	1
6719	1
6720	1
6721	1
6722	1
6723	2
6725	1
6729	2
6730	1
6731	1
6732	1
6733	2
6735	2
6740	3
6741	1
6745	4
6746	1
6748	1
6750	4
6752	2
6755	1
6756	1
6757	3
6758	1
6760	2
6762	1
6764	2
6766	1
6767	1
6769	1
6770	3
6772	1
6773	1
6774	2
6775	1
6776	2
6777	1
6778	1
6781	1
6782	2
6785	1
6786	1
6787	2
6788	1
6789	2
6791	1
6793	1
6794	2
6797	2
6799	1
6801	1
6804	2
6808	1
6810	1
6811	1
6812	1
6813	2
6815	2
6817	2
6818	1
6821	2
6822	2
6823	1
6824	1
6825	2
6827	3
6828	2
6830	3
6831	3
6833	1
6834	1
6838	1
6839	1
6840	2
6841	1
6844	1
6846	2
6848	1
6849	1
6853	3
6855	3
6856	1
6857	3
6858	1
6859	2
6861	3
6862	1
6864	1
6865	2
6867	2
6868	3
6869	1
6871	2
6872	2
6874	3
6875	1
6876	1
6878	1
6879	2
6880	4
6881	1
6883	1
6884	1
6888	3
6890	2
6893	2
6894	1
6895	1
6898	1
6900	1
6902	1
6903	1
6904	3
6905	2
6906	1
6907	1
6908	2
6909	1
6912	2
6913	2
6915	3
6917	2
6922	1
6923	1
6925	3
6926	1
6927	1
6928	2
6929	2
6930	2
6931	1
6933	1
6935	3
6938	1
6940	2
6941	1
6942	3
6943	1
6946	2
6947	2
6949	1
6950	2
6952	3
6953	2
6955	1
6957	1
6959	2
6960	2
6963	1
6965	1
6966	1
6967	1
6968	4
6969	1
6970	2
6972	2
6975	1
6977	3
6980	1
6981	3
6986	2
6987	1
6989	2
6990	1
6991	2
6992	1
6995	1
6997	2
6998	2
6999	1
7000	1
7003	1
7005	1
7006	1
7007	1
7009	2
7010	2
7012	1
7015	3
7016	1
7018	3
7019	2
7024	2
7025	1
7026	1
7028	1
7029	1
7032	1
7035	1
7037	1
7038	2
7040	1
7041	1
7043	1
7044	1
7045	1
7046	1
7048	2
7049	2
7050	1
7051	1
7054	2
7057	1
7059	2
7061	1
7062	1
7063	3
7065	1
7068	1
7069	1
7072	1
7073	1
7074	1
7075	3
7078	1
7079	2
7080	3
7081	1
7082	1
7084	1
7085	1
7087	1
7088	3
7090	3
7091	1
7096	1
7097	3
7100	2
7103	1
7106	2
7108	1
7109	1
7110	1
7111	2
7112	2
7115	2
7116	2
7119	1
7123	3
7125	2
7126	1
7127	1
7128	1
7129	1
7131	1
7134	2
7135	1
7136	3
7137	1
7138	2
7139	3
7140	1
7141	2
7143	1
7146	2
7147	1
7148	1
7149	1
7150	1
7153	2
7154	1
7155	1
7156	1
7158	1
7160	1
7162	4
7164	1
7166	2
7169	1
7170	1
7171	1
7172	1
7173	1
7174	2
7175	2
7176	3
7177	1
7178	1
7180	1
7181	3
7183	2
7184	1
7185	1
7186	1
7187	1
7188	1
7190	1
7191	2
7192	3
7193	2
7194	3
7196	2
7198	1
7199	1
7200	2
7201	2
7202	2
7203	1
7204	1
7207	3
7209	2
7210	2
7211	2
7214	3
7216	1
7218	2
7221	1
7222	1
7223	1
7224	1
7225	2
7226	1
7231	3
7232	1
7234	1
7245	3
7246	1
7247	1
7249	2
7250	1
7251	1
7252	2
7254	3
7255	1
7256	1
7257	2
7258	2
7259	1
7260	1
7261	1
7262	1
7264	1
7265	2
7266	1
7267	1
7270	2
7272	3
7273	1
7274	1
7276	1
7278	1
7279	1
7283	2
7285	1
7286	2
7287	1
7288	2
7289	1
7290	1
7291	1
7293	1
7294	1
7295	1
7296	1
7298	2
7299	1
7300	1
7301	1
7302	2
7304	1
7305	1
7306	1
7307	1
7308	1
7309	1
7311	1
7312	4
7313	3
7315	1
7318	3
7319	1
7321	2
7325	1
7326	1
7327	3
7328	1
7329	2
7330	3
7331	1
7332	1
7333	3
7334	3
7335	1
7336	1
7337	3
7338	1
7342	2
7343	1
7344	1
7345	1
7346	1
7349	2
7351	2
7352	1
7356	1
7357	1
7359	1
7360	1
7362	1
7363	1
7364	2
7365	1
7366	1
7367	1
7369	1
7373	1
7374	2
7376	1
7377	2
7378	2
7380	1
7382	1
7383	2
7384	3
7385	1
7386	1
7389	3
7391	1
7392	1
7393	1
7394	1
7396	1
7397	1
7398	1
7400	1
7402	1
7403	1
7405	2
7406	1
7407	1
7410	2
7412	1
7414	1
7415	1
7416	1
7420	2
7421	3
7422	1
7426	3
7429	1
7430	2
7431	3
7433	1
7439	1
7443	1
7445	1
7446	1
7447	1
7449	1
7450	1
7451	1
7452	1
7453	1
7455	2
7456	1
7458	2
7459	1
7460	2
7461	1
7462	1
7463	2
7464	3
7465	1
7466	2
7467	1
7468	1
7469	3
7470	1
7471	4
7472	2
7477	3
7478	2
7479	2
7482	1
7483	1
7484	1
7485	1
7486	1
7487	2
7488	1
7489	3
7491	1
7493	1
7495	1
7496	1
7497	4
7499	1
7500	1
7502	2
7503	2
7504	2
7505	2
7507	1
7508	3
7510	2
7511	1
7513	1
7516	2
7519	2
7521	1
7523	1
7524	2
7525	1
7526	3
7530	2
7532	1
7534	3
7538	3
7540	2
7541	1
7543	1
7545	1
7547	1
7549	3
7551	1
7552	1
7553	1
7554	1
7555	3
7556	3
7559	2
7560	2
7563	1
7565	2
7567	1
7568	1
7569	1
7570	1
7572	3
7573	1
7575	2
7577	3
7585	1
7586	1
7587	1
7589	1
7590	2
7594	3
7595	2
7599	1
7601	1
7602	1
7603	2
7604	3
7607	1
7608	2
7609	1
7610	4
7611	3
7613	2
7614	2
7617	1
7620	1
7621	1
7622	1
7623	1
7624	1
7625	1
7627	1
7628	1
7630	1
7631	6
7632	2
7633	2
7635	1
7636	1
7638	1
7640	1
7642	2
7643	1
7646	1
7647	2
7648	2
7649	1
7650	1
7651	2
7653	1
7654	1
7655	3
7656	7
7658	1
7659	1
7662	3
7665	1
7666	1
7669	3
7671	1
7672	1
7674	2
7676	3
7677	1
7678	2
7679	1
7680	1
7683	2
7685	2
7687	3
7688	1
7689	1
7691	3
7693	1
7694	1
7696	1
7697	1
7700	1
7703	1
7704	2
7705	1
7706	2
7709	2
7713	1
7715	3
7716	1
7722	1
7724	1
7726	1
7727	1
7730	1
7731	1
7732	2
7734	2
7736	1
7738	2
7740	4
7741	1
7743	2
7745	3
7746	1
7747	1
7748	2
7749	2
7750	1
7751	2
7752	2
7753	2
7754	1
7755	2
7756	1
7759	1
7762	2
7763	2
7764	1
7765	1
7766	1
7767	1
7770	2
7771	1
7773	3
7775	1
7778	2
7779	2
7780	1
7781	1
7782	1
7784	2
7785	2
7787	1
7788	1
7789	1
7791	1
7793	1
7794	1
7795	1
7799	1
7800	2
7804	1
7805	3
7806	1
7807	2
7808	1
7809	2
7811	1
7814	1
7815	1
7816	1
7818	1
7820	1
7822	1
7824	1
7826	1
7831	1
7832	1
7833	1
7834	2
7835	3
7838	2
7839	1
7840	2
7842	3
7844	1
7846	1
7848	1
7849	2
7851	1
7852	2
7853	2
7854	1
7855	1
7858	1
7859	1
7863	2
7865	1
7866	4
7867	2
7868	1
7869	2
7871	3
7875	2
7879	2
7881	1
7882	2
7885	4
7888	1
7889	1
7891	1
7892	1
7894	1
7896	2
7897	2
7898	1
7901	1
7905	2
7906	1
7909	1
7911	3
7912	1
7913	1
7914	1
7915	1
7917	3
7918	3
7919	1
7920	2
7921	1
7923	1
7924	1
7925	1
7926	1
7927	1
7928	1
7929	1
7930	3
7932	1
7933	2
7934	2
7937	3
7938	1
7939	2
7940	1
7941	3
7942	2
7943	2
7947	4
7948	1
7949	2
7950	2
7951	3
7953	1
7954	3
7958	3
7961	1
7965	1
7966	1
7968	4
7969	1
7970	1
7971	2
7972	1
7974	1
7977	1
7978	2
7980	1
7981	1
7982	1
7983	2
7985	1
7987	1
7988	2
7989	2
7991	1
7993	2
7994	2
7996	1
7999	3
8000	3
8003	2
8004	1
8005	1
8007	2
8008	2
8009	1
8010	1
8013	2
8014	3
8016	2
8017	1
8018	4
8019	2
8020	1
8023	4
8024	5
8027	1
8028	2
8029	4
8031	1
8032	1
8033	1
8034	1
8035	3
8036	1
8037	1
8038	1
8039	1
8040	1
8041	1
8042	1
8046	1
8047	2
8048	2
8049	5
8051	2
8053	1
8056	2
8058	2
8060	1
8061	2
8064	1
8067	1
8068	1
8071	1
8073	2
8074	1
8076	3
8078	3
8079	1
8081	1
8082	2
8083	2
8084	1
8085	1
8088	1
8089	2
8090	1
8091	1
8092	2
8095	1
8097	2
8099	1
8101	1
8103	4
8108	2
8110	1
8111	1
8113	1
8114	1
8115	1
8116	4
8119	2
8123	1
8124	2
8129	1
8132	1
8133	3
8134	1
8137	3
8139	1
8140	2
8142	2
8143	2
8144	2
8145	1
8148	2
8149	2
8150	1
8151	2
8152	2
8154	1
8156	1
8158	1
8159	1
8161	1
8162	2
8163	5
8165	5
8166	1
8168	1
8170	4
8171	1
8172	1
8173	2
8175	1
8178	3
8179	2
8180	2
8181	1
8184	2
8188	2
8189	1
8190	2
8191	1
8194	1
8195	2
8197	2
8198	1
8199	1
8201	1
8202	1
8203	1
8206	1
8207	1
8210	1
8211	1
8212	1
8213	2
8216	1
8217	2
8218	3
8220	1
8221	5
8222	1
8225	3
8226	1
8229	3
8230	4
8231	2
8232	3
8233	2
8234	1
8235	1
8236	2
8237	3
8240	2
8241	1
8242	1
8243	3
8244	1
8246	2
8247	1
8248	3
8252	1
8254	1
8255	1
8260	4
8261	3
8262	2
8266	2
8268	1
8270	1
8271	1
8272	3
8274	1
8275	2
8276	1
8280	1
8282	1
8283	1
8284	1
8285	1
8287	1
8288	2
8289	2
8290	2
8291	1
8295	2
8296	2
8300	1
8301	2
8302	5
8304	2
8305	1
8306	2
8307	1
8309	1
8310	1
8311	3
8312	1
8314	1
8315	2
8317	2
8319	2
8320	2
8321	4
8322	2
8323	2
8325	1
8326	1
8329	1
8330	2
8331	2
8332	2
8333	1
8334	1
8336	3
8337	1
8338	2
8340	3
8341	1
8342	1
8343	2
8344	1
8346	2
8347	1
8348	2
8350	2
8352	2
8353	1
8355	1
8357	2
8359	2
8361	2
8362	1
8363	1
8364	1
8365	2
8368	1
8369	1
8371	1
8374	1
8375	1
8376	2
8377	1
8379	1
8380	1
8381	1
8384	1
8385	1
8386	1
8389	1
8391	2
8393	2
8394	1
8396	1
8397	2
8398	2
8399	1
8400	2
8401	2
8404	2
8405	2
8406	1
8407	1
8408	3
8411	1
8412	1
8415	2
8416	1
8418	3
8422	1
8426	2
8430	1
8431	1
8433	1
8434	1
8435	1
8436	1
8437	2
8438	2
8440	4
8443	3
8444	2
8445	2
8447	1
8453	1
8454	1
8455	2
8457	2
8459	1
8460	1
8467	4
8468	3
8469	2
8474	1
8476	2
8477	1
8478	1
8479	2
8480	1
8481	1
8482	1
8483	1
8484	1
8485	1
8486	2
8493	1
8494	2
8495	1
8496	1
8497	1
8498	2
8499	1
8500	1
8501	1
8502	1
8504	2
8505	2
8507	2
8508	2
8509	1
8511	2
8513	3
8514	1
8516	1
8517	1
8519	1
8521	2
8523	2
8525	1
8526	2
8527	1
8528	1
8532	2
8533	1
8534	2
8535	1
8539	2
8541	2
8542	1
8543	3
8544	1
8545	1
8546	2
8547	2
8548	1
8549	2
8550	2
8551	1
8552	2
8553	1
8554	1
8556	4
8558	1
8559	2
8560	1
8562	1
8563	2
8564	3
8566	2
8567	2
8568	2
8569	1
8570	1
8572	1
8573	1
8576	1
8577	1
8580	1
8582	2
8583	1
8584	2
8585	1
8589	1
8590	1
8591	1
8594	1
8595	2
8596	2
8597	1
8598	1
8600	1
8601	1
8602	1
8604	1
8605	1
8607	2
8609	1
8610	1
8612	2
8613	3
8614	1
8616	3
8618	3
8620	1
8623	2
8624	2
8625	1
8626	3
8627	1
8629	1
8631	4
8632	1
8633	1
8636	1
8638	3
8640	1
8641	2
8642	1
8643	1
8644	1
8645	2
8646	1
8649	1
8650	1
8651	1
8652	1
8655	2
8656	1
8657	1
8658	1
8664	1
8665	1
8668	2
8669	4
8670	2
8671	2
8673	1
8675	2
8677	2
8678	2
8679	1
8680	2
8681	1
8683	1
8684	3
8687	1
8688	1
8692	1
8693	2
8694	2
8695	2
8699	2
8700	1
8702	2
8704	1
8706	2
8707	1
8709	1
8710	2
8712	1
8715	1
8716	2
8717	1
8719	1
8720	2
8721	1
8723	1
8724	1
8725	2
8727	2
8728	1
8729	1
8730	2
8731	2
8732	2
8734	1
8735	2
8736	3
8737	2
8739	2
8741	3
8743	1
8744	1
8745	1
8746	4
8748	2
8749	1
8750	2
8751	2
8752	1
8753	1
8754	1
8755	1
8756	1
8757	2
8758	1
8759	2
8760	1
8762	1
8764	2
8765	1
8767	2
8771	2
8772	1
8773	1
8775	1
8776	1
8779	1
8780	3
8781	1
8782	1
8783	1
8784	1
8785	1
8787	1
8789	1
8790	1
8791	2
8792	1
8793	1
8794	1
8795	1
8796	2
8800	1
8802	1
8803	1
8805	1
8806	1
8807	2
8808	4
8810	3
8811	1
8812	1
8813	1
8815	1
8816	2
8817	1
8818	1
8819	2
8821	1
8822	1
8826	2
8827	2
8830	3
8832	2
8834	2
8835	3
8836	3
8837	1
8838	2
8840	2
8843	1
8844	3
8845	1
8846	3
8848	1
8852	1
8856	1
8859	2
8860	2
8862	1
8865	3
8866	1
8871	1
8872	1
8873	1
8874	2
8875	2
8876	3
8877	1
8878	2
8880	2
8883	1
8884	1
8887	1
8888	1
8893	1
8894	1
8895	2
8896	2
8898	1
8899	1
8902	2
8903	4
8906	2
8907	2
8908	1
8910	3
8911	1
8912	1
8913	1
8916	1
8917	1
8919	1
8923	1
8925	3
8926	2
8927	4
8929	1
8930	1
8932	1
8934	1
8935	1
8936	2
8937	3
8938	1
8940	1
8941	3
8942	1
8946	1
8948	1
8949	1
8950	7
8951	3
8952	1
8953	3
8955	4
8956	1
8957	1
8958	1
8961	1
8962	1
8963	1
8966	1
8968	1
8969	1
8972	1
8973	1
8979	1
8984	2
8988	2
8990	1
8991	2
8992	2
8995	1
8999	2
9000	2
9001	3
9002	2
9004	2
9005	1
9006	1
9009	1
9011	4
9012	1
9013	2
9014	1
9015	2
9016	3
9017	2
9018	1
9019	2
9020	2
9021	1
9022	1
9024	2
9028	1
9029	1
9030	1
9032	2
9034	2
9035	1
9036	2
9037	1
9038	1
9039	1
9041	2
9042	4
9043	1
9044	2
9045	2
9046	3
9047	1
9050	1
9052	2
9053	2
9055	1
9057	1
9058	1
9059	3
9060	1
9064	4
9065	1
9066	1
9067	1
9068	1
9069	1
9070	1
9071	1
9072	1
9073	1
9075	1
9076	2
9077	1
9078	1
9079	1
9080	2
9083	2
9086	2
9087	1
9088	1
9089	1
9091	1
9093	2
9097	3
9098	1
9099	4
9101	3
9103	3
9105	1
9106	2
9107	2
9110	3
9111	2
9112	4
9113	1
9114	1
9115	1
9116	1
9117	3
9119	1
9120	1
9125	1
9126	1
9127	2
9130	1
9131	5
9132	1
9134	1
9135	3
9136	1
9138	1
9139	1
9140	2
9141	1
9142	1
9143	2
9145	1
9148	3
9150	2
9151	1
9152	1
9153	1
9156	3
9157	2
9158	1
9161	1
9163	1
9167	1
9169	1
9171	1
9172	1
9174	2
9176	1
9177	1
9180	1
9181	1
9182	1
9183	1
9184	2
9187	2
9190	2
9191	1
9192	1
9193	1
9195	2
9196	1
9199	1
9201	2
9202	1
9203	2
9204	3
9206	1
9208	1
9209	1
9210	2
9212	3
9214	1
9215	1
9218	1
9219	2
9221	4
9222	2
9224	2
9226	1
9227	1
9228	1
9230	1
9231	2
9235	1
9237	1
9239	1
9242	2
9243	1
9244	2
9246	1
9247	1
9248	2
9249	1
9251	2
9252	2
9258	2
9260	1
9262	1
9265	1
9266	1
9267	1
9268	1
9270	1
9271	1
9272	1
9275	2
9276	2
9277	1
9278	2
9279	1
9280	1
9282	2
9283	2
9284	1
9286	1
9287	2
9288	2
9291	2
9292	2
9293	1
9296	3
9299	1
9300	1
9302	1
9305	5
9306	2
9308	2
9309	1
9310	3
9312	1
9316	1
9319	2
9321	1
9322	1
9324	1
9325	2
9327	2
9328	1
9332	1
9333	2
9335	2
9336	3
9337	2
9338	1
9342	2
9343	1
9344	1
9345	1
9346	2
9350	3
9354	1
9355	2
9356	1
9359	1
9362	3
9363	1
9365	2
9366	3
9367	1
9368	3
9369	6
9374	1
9377	2
9379	2
9380	1
9381	3
9384	5
9386	1
9389	1
9392	1
9394	2
9395	1
9396	1
9397	2
9398	4
9399	3
9401	1
9402	2
9403	2
9404	1
9406	2
9409	1
9411	1
9412	1
9413	1
9418	1
9419	1
9420	3
9422	1
9423	2
9425	1
9428	1
9429	4
9431	1
9432	1
9433	1
9434	1
9435	1
9438	1
9441	2
9442	1
9444	1
9445	1
9446	2
9447	1
9448	1
9449	1
9453	1
9454	4
9455	4
9456	2
9459	1
9460	1
9462	2
9464	2
9466	1
9469	1
9470	1
9471	1
9474	1
9475	1
9476	2
9478	1
9479	2
9480	2
9481	1
9483	2
9485	1
9486	2
9487	2
9489	1
9491	1
9492	1
9493	1
9496	1
9497	1
9498	1
9499	1
9500	1
9501	3
9503	1
9505	1
9507	2
9508	2
9509	1
9510	1
9511	2
9513	2
9517	2
9518	2
9519	2
9520	2
9521	1
9522	1
9523	1
9525	1
9528	1
9529	4
9530	1
9532	1
9533	1
9534	1
9539	1
9540	1
9541	1
9542	1
9543	3
9544	1
9545	3
9548	1
9549	1
9551	3
9554	2
9557	2
9558	2
9559	1
9560	1
9561	1
9563	2
9564	4
9566	2
9568	2
9569	1
9570	2
9573	2
9574	2
9575	1
9579	1
9580	3
9581	1
9582	1
9583	2
9584	1
9586	2
9595	2
9596	2
9600	3
9601	1
9604	1
9605	1
9607	3
9610	2
9611	3
9612	2
9613	1
9614	2
9615	1
9616	2
9619	1
9621	1
9622	1
9624	1
9625	1
9626	1
9627	1
9629	3
9630	3
9631	3
9633	1
9634	2
9636	1
9637	2
9642	1
9643	1
9644	1
9647	2
9648	2
9652	1
9654	2
9655	2
9656	3
9657	3
9658	1
9659	1
9660	2
9661	1
9662	2
9663	1
9667	1
9669	1
9670	1
9671	2
9673	2
9674	3
9676	1
9677	5
9679	4
9682	2
9683	1
9685	1
9688	1
9691	1
9692	1
9693	2
9695	1
9696	1
9698	2
9699	3
9700	2
9701	1
9702	1
9703	1
9704	2
9705	5
9709	1
9711	1
9712	1
9713	1
9715	3
9716	2
9718	2
9721	1
9722	1
9723	1
9724	1
9726	3
9727	2
9730	1
9732	2
9734	2
9737	3
9738	1
9740	1
9741	2
9743	1
9745	1
9746	1
9747	4
9750	1
9752	1
9754	1
9755	1
9756	1
9757	2
9759	4
9760	3
9762	1
9763	2
9764	2
9765	4
9766	1
9768	2
9769	1
9771	1
9772	2
9773	3
9775	1
9777	2
9778	1
9779	1
9781	1
9783	1
9784	2
9785	2
9786	1
9790	1
9793	1
9794	2
9795	4
9796	2
9797	2
9798	1
9800	1
9801	2
9802	1
9803	2
9804	2
9807	2
9808	2
9811	2
9813	1
9814	1
9815	1
9816	1
9817	1
9818	2
9820	2
9823	1
9827	1
9828	1
9829	1
9830	2
9831	1
9833	4
9835	1
9836	1
9841	1
9842	1
9843	1
9845	2
9846	1
9849	1
9850	1
9852	1
9853	1
9856	2
9857	3
9858	1
9859	2
9863	4
9864	1
9866	2
9867	2
9868	1
9872	1
9873	2
9874	1
9877	1
9878	2
9879	1
9882	1
9884	2
9885	1
9887	1
9889	1
9891	2
9893	1
9898	1
9900	1
9901	2
9902	2
9904	1
9907	1
9908	1
9909	3
9910	1
9911	1
9913	3
9914	1
9915	1
9916	3
9917	2
9918	2
9919	1
9921	2
9924	1
9928	2
9930	1
9931	1
9934	1
9935	1
9936	2
9937	1
9938	2
9939	2
9940	2
9942	1
9943	2
9944	2
9945	2
9946	3
9948	2
9949	2
9951	1
9954	1
9955	1
9956	2
9957	1
9959	1
9960	1
9961	1
9962	2
9963	1
9964	1
9966	1
9968	1
9969	1
9970	1
9974	1
9975	3
9978	1
9979	1
9980	2
9981	1
9982	1
9984	1
9986	1
9988	1
9989	1
9990	1
9991	1
9992	2
9995	1
9997	1
9998	1
9999	1
