6654	2
1162	1
2062	2
4001	1
6846	2
4604	1
8622	1
53	1
6521	1
3332	3
2951	3
841	3
1243	1
3464	1
868	2
9645	2
4031	2
9220	2
3501	1
7511	1
2727	2
7945	2
1541	1
3678	3
552	1
7329	2
8128	1
6522	2
4419	1
193	2
8719	4
4351	2
4649	2
7236	1
4687	2
3466	2
6479	1
6053	2
5287	4
8505	3
3195	3
21	1
7701	1
2201	2
8654	3
4768	3
1687	1
4632	1
1200	3
7574	3
8283	1
4110	1
4781	2
6604	2
5973	1
1840	2
4143	3
9737	1
2769	2
2427	2
1622	1
5653	2
1720	3
2998	1
6376	5
2217	1
9354	2
4579	3
5368	3
8204	2
1685	2
3814	1
3343	3
6284	2
8790	2
4079	2
6455	1
3362	2
396	1
2395	2
7067	2
8606	1
9382	1
3091	1
5825	3
2351	3
6165	1
8978	1
2851	2
9152	2
6256	3
7330	2
3742	3
7823	1
4193	1
7942	1
4787	2
3854	2
8157	4
869	2
5460	1
4829	3
8707	3
5992	1
1683	2
7707	1
4489	2
7361	3
9652	3
2947	1
3472	1
5022	3
6940	4
8527	2
7040	1
4466	2
8263	3
892	2
9385	2
665	1
753	2
1167	1
7871	3
2286	2
7021	3
7813	3
3490	2
6596	2
6353	2
9650	2
1666	1
7530	3
2523	1
5660	2
162	1
9399	3
3136	2
5303	1
2578	1
7008	1
2122	1
6482	4
988	2
799	3
6605	1
170	2
4887	1
4928	4
3047	4
9966	2
7228	3
8373	2
4273	1
6817	5
4519	4
4720	3
8006	3
8496	2
8339	3
6902	2
4889	2
5356	1
161	1
3578	4
612	1
9396	1
2013	2
7722	1
614	1
7024	3
9809	1
4922	1
7959	3
3211	3
2026	2
1098	2
9578	1
2218	3
5525	1
8049	2
5331	1
5826	2
1433	2
2985	1
2788	2
2214	2
1081	2
8481	3
5370	2
2407	1
9439	2
6526	4
7719	1
5167	1
7822	1
7888	4
7342	1
6659	2
403	2
2686	3
2597	1
8832	1
9811	2
9619	2
165	2
7981	1
5774	2
9651	1
3879	2
6872	2
3094	2
9495	1
6166	3
793	2
2458	3
9364	2
6548	1
2717	1
4946	3
5072	2
1603	2
4947	2
9786	2
5632	3
6497	1
8208	1
3021	2
6691	2
2587	2
2953	2
2592	1
1531	2
7777	2
2402	3
5431	3
3140	3
8428	1
5872	2
6422	3
3610	2
9202	4
539	2
9079	3
7272	1
3999	1
3364	4
9567	2
8111	5
6345	1
2695	1
8739	1
1009	2
302	1
1178	1
2866	3
5377	2
139	1
3558	2
2477	1
5028	4
3330	1
6518	4
1746	4
890	2
3481	2
5225	2
4349	3
6527	2
372	2
2910	1
663	1
5403	2
4470	2
9600	1
9914	1
1598	1
9215	2
7771	2
7965	2
1187	1
8524	2
8666	2
8592	1
7378	4
2479	4
4835	2
7881	1
8363	3
361	1
9129	2
3058	4
9188	1
2861	3
9622	2
1133	4
8820	2
2430	3
923	1
3951	2
4250	1
5148	2
8751	3
9064	5
1706	1
8559	1
5722	1
4634	1
1410	3
481	2
5764	1
13	3
6349	4
6538	1
829	2
533	1
5214	2
8615	4
9832	1
2661	1
6267	1
4428	2
1317	2
4268	2
1506	2
6669	1
9544	1
9467	2
9608	2
6926	1
485	2
8840	2
384	2
3483	3
3295	3
415	1
2874	1
5115	1
370	4
9206	3
3147	4
4869	2
2704	2
8830	1
9117	2
4679	2
9373	1
7531	3
4937	3
2858	2
330	1
2446	2
1161	3
6130	1
2942	2
7752	2
6853	3
9042	1
3835	3
8410	1
9002	2
3777	2
7653	4
6091	1
7644	2
8473	1
6563	2
2299	3
3500	3
5860	3
4423	1
4605	1
2994	3
3338	1
3745	2
2946	3
222	2
23	2
9780	1
9696	2
6367	3
1407	1
2918	2
9638	2
2323	3
9353	2
59	2
3554	1
5615	3
3855	2
3812	1
4217	1
5746	1
1496	3
4701	3
9551	2
1479	4
6109	3
3319	2
8064	1
5444	2
4394	1
3194	1
4203	2
3698	1
8738	1
5666	1
9153	3
1077	3
6664	1
8906	1
3011	1
3797	2
3018	3
9639	1
9721	1
9695	2
4103	1
771	1
8378	1
5041	2
5057	1
7839	3
826	2
3767	2
681	2
194	3
7655	1
5296	2
2722	5
9900	2
8144	4
1031	1
6634	1
4058	1
2806	4
8663	4
4095	1
3545	1
2612	3
46	3
2664	1
8984	2
6649	2
9262	3
722	2
1088	1
3522	2
4980	2
5191	2
2691	1
1592	2
4704	1
8325	2
3807	2
9641	3
1322	2
9568	2
8659	2
997	1
558	2
9065	2
5026	1
2544	5
8357	3
3991	1
2256	2
1910	4
34	2
928	3
2794	4
3417	3
4289	2
8161	2
9458	4
5871	1
2868	5
9343	2
978	1
7600	1
6780	1
837	2
5141	1
8991	3
1583	1
4159	2
6356	2
5337	2
3753	2
9346	3
8367	1
1255	3
9410	1
9057	3
1747	2
3225	2
1289	1
7763	2
2734	3
2055	2
3247	3
5060	1
3368	2
9633	3
5461	1
9595	2
3370	1
1549	3
1055	2
2776	3
4235	1
6873	1
4577	1
757	1
3694	1
2570	2
101	4
9374	3
4966	2
6028	2
8285	2
8883	1
9360	2
2415	3
9389	3
1499	3
8110	4
8055	1
8545	1
227	1
754	1
9602	3
1952	1
4006	2
5330	3
6776	1
2642	4
3197	4
5464	2
6394	1
2092	2
3833	2
9311	2
5352	2
6025	3
5590	3
1053	1
982	2
8207	3
9902	2
1374	2
7547	2
1778	3
2888	1
1113	1
2841	1
9113	1
2558	1
5203	2
8899	3
5648	1
7447	1
1225	2
77	1
1473	1
3898	2
5374	2
7986	1
674	2
2333	1
3771	1
9524	3
6061	2
9237	3
8321	3
6202	3
2658	1
659	2
8712	3
4867	2
8306	1
4427	2
6988	2
6341	2
5297	3
6107	2
3681	2
5876	1
1804	1
9943	1
4991	2
6404	1
9180	1
18	1
289	4
9306	1
1695	2
6300	1
8807	2
1786	3
5950	3
6081	1
9256	2
8460	1
6466	1
5802	2
4601	2
4455	1
687	1
2417	2
1728	2
8226	2
5484	1
7532	1
5796	1
759	3
4161	2
1231	2
1380	2
9453	3
8558	8
2891	1
8823	3
2507	1
9344	2
4818	3
4895	2
8997	3
5338	1
4739	1
8054	3
8674	3
9063	1
742	1
2560	2
1447	1
7954	1
4029	1
317	3
7152	1
9142	2
5761	1
1062	2
4535	2
1428	1
2230	2
1150	2
7548	2
4735	2
1227	1
7345	2
642	3
3217	1
1478	2
6808	6
82	3
9933	1
5852	2
2392	3
6543	3
6827	1
6243	3
7039	3
3821	1
3888	2
5210	2
915	2
7525	2
7452	1
2581	2
5755	1
7935	3
3246	1
8741	3
4791	3
1379	1
544	4
7818	2
1224	1
1038	2
9765	3
535	3
3695	2
2934	4
6509	3
6696	1
1411	2
1136	2
5068	1
1463	3
8779	2
3432	2
8528	1
1126	2
2302	1
6525	2
4559	2
4700	2
6620	1
6742	2
7940	1
2391	3
9363	2
3053	4
3517	1
9282	1
9747	2
3620	2
6206	2
6607	4
833	3
8387	4
8993	4
3206	2
958	3
3422	4
9281	2
5196	3
3870	6
4306	1
6271	1
5538	3
2249	2
8810	1
649	3
1316	3
1015	1
3103	1
7878	3
8852	2
1084	6
7432	1
7063	1
8746	2
4166	1
5433	1
4776	1
4137	2
3129	2
3965	2
5580	2
8312	1
6498	1
2958	3
3556	2
6167	2
5952	2
2719	1
6440	5
3651	5
8326	2
8268	3
5358	2
1879	2
6115	2
7204	2
8589	1
4303	1
8644	2
2543	2
7509	2
8494	2
2517	1
9007	3
3569	1
2744	2
4135	2
4934	2
362	1
9299	2
547	1
5379	1
4568	1
472	2
608	1
5743	4
9368	1
7271	3
9430	2
4662	2
5256	1
2895	3
8015	1
6495	2
5944	2
2352	2
5230	1
420	3
270	1
4565	1
1944	1
6150	1
9926	2
241	2
1763	2
6339	1
5759	3
2518	3
9481	4
7407	4
3315	2
8865	3
6160	2
173	2
7011	1
3684	2
8944	1
3911	1
3856	2
5649	1
1115	2
7894	4
4008	1
2938	3
3441	1
1004	1
2314	1
8385	1
4082	2
8024	2
2718	4
6974	3
1305	3
7851	1
6032	1
5449	2
6251	2
4899	1
2397	3
5789	1
6633	1
6054	2
1949	1
3976	1
5929	2
4635	1
8709	1
4377	2
985	3
3514	2
2343	2
9255	2
1412	2
6603	2
6513	2
1907	1
6214	2
9705	1
9958	1
4938	2
3365	2
5627	1
2336	1
476	2
9656	1
534	1
2019	1
284	2
6446	3
9071	1
7141	1
5233	1
2246	1
989	2
6871	4
7429	2
611	2
2370	1
9762	3
4140	1
3409	2
9818	2
6985	1
5721	2
7632	1
3471	3
9210	2
7689	2
5234	2
8507	3
899	1
7313	2
8038	2
5520	2
9022	1
1318	1
6767	2
332	1
4836	1
5772	3
4028	1
9535	4
4529	3
5726	1
4696	1
8310	1
4699	2
7174	2
6874	1
8534	3
2	2
397	2
6105	3
9264	2
4341	2
5776	1
9388	2
7104	3
6857	1
8424	3
9447	1
672	2
8278	1
5321	1
4105	1
5213	1
3356	1
5679	1
272	2
5038	2
9603	2
9746	6
2787	3
9323	1
6584	1
1984	1
5001	1
8319	2
4736	3
2983	3
6609	1
2175	1
830	2
3924	5
4956	1
2849	1
8165	2
4181	3
2832	2
8698	2
9485	1
7882	1
240	1
1097	2
7135	2
3413	4
4560	1
1970	2
200	3
2148	1
4302	2
4821	1
6645	2
4380	3
703	3
3099	1
279	2
8665	1
7782	1
8280	2
8918	3
7560	1
696	3
3065	2
4932	2
3030	3
3239	2
3399	3
5583	1
8853	4
8044	1
8614	1
1643	3
2657	1
9118	4
951	1
7495	2
9411	1
5157	3
6473	1
4342	2
1990	1
8803	3
7559	1
1392	1
2986	1
5956	1
6417	2
9072	1
689	2
5685	1
8056	1
2025	1
7687	3
9944	1
9576	2
6041	2
8155	3
8318	2
7020	2
4730	1
1013	2
6013	2
5345	2
6644	2
331	4
814	2
6027	3
1373	1
9195	1
8864	1
6274	3
7630	2
5600	3
1760	1
2733	2
580	3
3298	1
6095	3
4658	2
3025	1
9960	2
2638	2
1829	1
1561	2
8291	3
8020	2
1151	2
3439	1
3090	1
5189	3
9794	2
9446	1
8877	1
8956	2
1481	2
6935	2
283	1
2206	1
3127	1
3080	1
8974	3
8399	1
2743	5
9302	1
3171	2
7570	1
1319	1
7192	4
9158	2
2432	2
9317	4
9429	2
5177	3
2885	3
7526	1
8414	1
7536	1
4098	1
8309	2
4088	1
3459	2
1657	1
5262	2
6894	3
797	2
9112	4
9493	1
1313	3
5563	2
4179	1
5519	1
5110	1
1513	1
8618	2
7594	3
7066	2
3721	1
991	1
1873	2
5093	1
8506	2
1846	1
4870	2
2563	3
3622	2
8027	2
9659	2
5469	2
2282	2
3801	2
5625	2
5705	1
7937	4
9942	4
9159	2
3627	2
2202	2
615	3
8430	2
656	1
2810	3
6700	3
6540	1
3932	5
6769	2
8595	1
4384	2
7325	1
7423	1
4200	2
5206	1
2162	2
2229	2
439	2
3785	1
6086	1
1616	1
6098	2
8199	1
8463	3
7187	2
5897	1
770	1
393	1
8016	1
6897	2
7597	1
5347	2
5899	2
6529	2
2907	1
7522	1
1903	1
3125	2
1761	2
3151	4
5661	1
9858	1
9468	1
7651	1
4076	3
8599	2
6475	1
7462	1
2134	5
8048	1
2502	2
9756	2
4286	2
6449	1
232	2
4795	3
6802	1
9416	2
4711	2
5168	3
9417	1
1401	1
8398	1
8147	3
435	1
9415	3
774	1
5118	3
9135	1
2403	1
7491	1
1848	1
9013	2
6093	1
7121	3
6793	1
4476	1
919	1
3826	3
2066	3
2310	4
9856	1
324	1
6686	1
1597	1
8195	2
336	1
973	1
6212	2
6334	2
8835	1
2368	1
7381	2
6169	1
8362	2
1451	3
8678	1
373	1
3457	2
2079	2
2192	2
9842	1
5898	2
9655	2
8768	2
1061	2
7479	1
4688	2
7739	3
9941	3
5503	2
6219	3
1035	2
8951	1
7742	4
2720	2
8052	1
8975	3
3852	2
9145	1
5162	1
9965	2
4778	2
9288	2
1611	1
506	3
924	1
4888	1
1090	3
2231	1
9412	3
5554	2
2791	3
3495	1
5555	2
906	2
1927	4
8965	2
234	3
4369	1
6044	2
5349	1
7354	4
8632	1
1742	5
4347	4
3150	3
9214	2
4951	2
706	2
9490	2
9066	1
898	2
3214	3
4050	3
3177	3
1862	1
2347	4
3644	2
8933	1
9928	2
5179	1
2626	2
8454	2
2327	2
8304	1
1351	3
9321	2
6635	2
6624	2
2312	1
6747	3
5786	2
2928	2
6796	1
9733	1
9506	1
4822	3
6371	3
7240	3
7015	2
6454	2
7390	2
9435	2
1655	1
2684	2
3331	1
1168	2
7263	2
4974	1
1363	1
7172	3
8372	1
1718	3
9330	2
1176	1
8105	3
1569	1
1920	1
5252	2
1816	1
6948	3
9866	1
4294	2
1958	2
8603	1
1343	3
3570	2
482	2
4926	1
5576	2
816	2
437	3
8539	1
5671	2
2889	1
2074	1
2685	2
1297	3
2486	2
9940	1
6967	3
8340	1
8700	2
7125	2
3709	2
5798	5
9983	2
2257	1
3148	1
912	1
7032	1
5169	3
8039	2
9383	2
3631	1
4642	2
2404	2
7037	3
3114	1
2916	1
8579	1
1100	2
7436	2
3075	2
3961	1
9775	1
2280	1
5432	3
7978	2
9729	3
8250	1
3718	1
4409	1
6616	1
9918	2
6983	1
8	1
3292	1
8556	2
7874	1
3934	2
2632	2
2931	5
9523	3
7766	1
3813	1
2200	4
4997	4
9170	1
3589	2
7863	2
962	2
2665	3
6397	4
984	2
2630	1
6820	2
9074	1
8895	2
4173	2
1131	2
1448	1
2022	1
3426	2
5192	2
1122	2
6867	1
8990	2
6301	1
1790	1
1215	2
1060	3
9871	1
4132	1
1287	1
4637	2
442	2
6947	1
1681	4
2371	1
3196	2
1104	2
8146	2
5734	1
1275	4
7146	1
39	2
3476	3
7490	2
8940	2
8154	3
3846	1
1235	1
5981	2
6971	1
6883	2
3536	3
4626	2
1883	1
3041	1
3138	2
3635	1
5318	1
7054	2
1633	2
458	2
996	3
375	1
319	1
4468	3
4723	1
8649	1
1870	3
8723	3
2393	1
3959	1
5566	4
7070	2
9897	1
8540	2
9597	1
8031	2
7400	2
8616	2
6982	2
4005	1
4638	1
3667	4
2601	1
192	1
9324	1
8183	2
5777	1
6813	1
1043	1
2919	1
5991	2
9100	1
4706	2
8842	2
4422	1
2721	1
2194	1
3657	1
6259	1
4267	2
3121	1
6002	1
5201	1
2190	2
6034	1
6445	3
3294	1
1959	2
1750	1
5883	1
1070	2
4307	2
9122	2
7247	1
4564	4
7705	1
1327	1
9970	2
9332	2
9161	2
1414	4
1839	2
1631	2
9187	1
9686	2
8749	1
7747	6
786	2
2248	3
4894	1
2532	1
387	2
2358	1
1882	1
3479	1
6090	2
6441	2
7889	2
9895	3
4593	1
3354	3
2318	3
9173	1
7295	1
7215	2
6146	2
5607	1
2705	2
626	2
7908	1
6263	1
7900	1
6843	1
3598	2
7513	1
6310	2
2580	1
6912	3
4247	2
7828	3
9963	3
7213	1
5237	2
6313	2
1190	1
3035	1
9391	2
2763	1
6641	2
2453	3
8256	3
9442	2
5289	2
761	1
2562	1
9711	1
2526	3
9059	2
2339	1
3286	2
7059	2
8805	1
335	1
6447	1
9812	1
7284	3
9981	2
4594	1
1142	1
3143	2
866	2
1466	1
6327	4
9795	4
1722	2
1475	1
2530	1
1527	1
9587	1
3112	1
3236	2
6110	3
6512	4
8484	4
1809	2
6877	1
9287	4
6443	2
9080	1
4954	6
1040	3
8142	1
4550	1
7983	4
2679	2
7431	1
8643	2
1759	1
5291	2
1999	1
9184	1
848	1
1991	1
4454	1
9938	2
543	1
4655	3
7003	1
7919	2
6492	2
5075	2
4222	1
1336	1
4194	2
3717	2
9397	2
6260	1
9767	3
7802	1
3223	2
5359	2
5481	3
4463	4
1815	3
7737	3
6298	2
3696	2
6788	3
4237	4
6507	1
1794	1
4322	2
4988	4
3685	1
1063	1
6569	1
2800	2
1621	1
9931	1
3447	1
1112	1
305	1
3819	1
6020	2
7467	2
7007	1
718	2
7322	2
5146	2
5023	1
5550	1
7633	1
5622	1
3817	2
8490	1
5917	1
5197	3
9847	4
3551	3
8813	3
805	3
8170	1
8705	1
8529	1
1083	2
4469	3
2847	1
9377	2
9322	1
7652	1
3244	1
5983	1
1963	2
6743	4
4283	1
6161	1
5845	1
6662	1
6289	3
1989	2
5664	1
7457	4
4366	2
4430	1
7056	1
5534	1
2442	1
7291	4
939	1
4703	1
1310	1
2172	4
5311	1
1947	1
1818	3
8827	1
6564	3
581	3
7658	1
1579	1
7769	1
9750	4
7033	2
9049	1
3443	2
1716	2
7102	2
3704	1
474	3
5339	1
322	1
5558	2
941	2
779	1
9716	1
5760	2
5581	2
1881	2
186	1
5276	2
2150	1
140	3
7917	2
6292	2
5740	4
5609	1
1606	2
8241	2
1204	3
881	1
8205	1
1512	1
2929	1
3893	3
8102	1
209	2
7695	1
4316	1
767	1
6751	3
7253	2
3102	1
7224	2
6869	5
354	2
7669	2
9956	1
5445	2
7862	1
1500	5
5248	2
4094	3
7568	1
9881	2
9683	2
7197	2
1935	1
7411	2
2989	3
1774	2
4745	1
2873	3
8541	1
8697	1
562	1
3169	2
8019	1
2599	1
2898	2
3159	2
4376	1
6255	4
4541	2
6511	1
8277	2
8426	1
5429	3
5393	1
401	1
5006	4
2765	1
9284	4
4609	2
6370	1
35	1
9878	3
7868	3
7278	2
3436	1
1044	2
4096	2
6763	1
5512	2
9229	2
9894	1
1649	1
5858	4
2890	1
749	1
2792	1
6489	1
1266	2
3108	1
8653	2
7441	1
6812	2
5961	2
8305	3
2520	1
2883	2
3321	2
2533	3
8222	1
8125	3
9014	2
5114	1
8942	2
496	1
8512	1
3401	3
9498	1
2412	1
5437	3
1265	3
9890	1
3088	2
8737	3
5032	2
7558	1
7262	3
9212	3
1404	3
5736	1
6598	1
8450	3
6841	2
5577	3
1835	2
7860	1
9555	1
822	3
6786	1
498	2
8728	1
6834	3
5620	5
7333	3
69	2
7276	4
3003	2
1137	2
5302	1
3363	2
5676	2
9820	3
1170	3
7780	1
5065	1
9525	2
5697	1
2836	1
9663	1
9051	2
1357	3
7338	1
7494	1
5014	2
7170	2
8755	3
5938	3
2839	1
1853	1
9814	2
5748	1
9853	1
3491	3
8800	3
6017	1
7626	1
4436	2
7914	1
8667	2
1757	2
8437	1
2848	3
269	1
8985	1
5985	2
8970	1
4665	1
2125	4
6064	1
9590	2
4374	2
9023	2
4935	1
9581	1
8600	1
6766	2
758	3
8650	1
7408	2
1692	2
9554	1
1424	3
7206	3
479	1
2266	1
3917	1
5392	1
8412	2
4834	2
9011	2
1904	1
1241	1
7178	1
7816	2
2511	1
40	4
22	3
1120	2
1406	2
3918	1
8459	2
6103	2
4175	2
6520	1
58	3
7034	2
4891	1
2640	2
1795	2
2802	3
7261	3
800	2
3149	1
5250	2
112	1
3633	3
7706	1
3800	2
2971	1
9732	1
8608	2
7612	2
5548	3
9570	1
970	2
3527	1
9508	1
74	2
4009	2
688	2
6461	2
796	1
653	3
2332	1
8172	2
9662	1
9440	2
1057	2
8866	1
9266	1
1564	2
2094	4
307	2
4647	1
5980	1
9423	4
4265	2
9887	2
8672	3
3424	1
1857	2
1781	3
3770	2
5399	1
4737	1
6197	2
5816	1
4989	1
3460	4
6773	3
3731	1
2894	2
7906	1
1092	2
3531	2
760	4
8787	3
293	2
5081	2
4587	2
3260	1
3787	4
6807	1
8762	3
5914	5
8808	2
3283	2
6346	2
3326	3
2247	2
2264	2
4111	2
6749	2
2460	3
9406	2
4255	1
9997	1
4277	1
2728	4
6222	2
8495	3
97	2
7399	3
7268	2
9236	2
1775	3
1024	1
2655	2
6514	3
3430	2
4708	2
9077	2
1914	4
4152	1
7161	1
4566	1
4734	2
619	1
5050	1
7667	3
7729	2
9930	1
5904	5
187	1
2957	1
6779	1
8022	2
629	1
4865	2
1838	1
736	1
5485	1
8493	1
8924	1
6234	2
921	2
52	4
9477	1
7510	1
3802	1
443	1
9910	2
2208	2
8227	1
3179	3
5293	2
5862	3
3082	1
8796	3
8059	5
3220	2
6426	1
9336	1
8196	1
5008	1
2076	3
3324	2
1807	2
6016	3
9667	1
8134	1
8439	1
5745	1
1689	1
2213	1
3210	1
2573	2
8135	1
5829	1
9372	1
8839	2
2857	1
5954	3
7414	2
4243	1
478	2
7210	2
2915	3
6614	2
5595	2
6881	2
6451	1
3029	1
2058	3
454	3
3707	1
4252	1
6132	1
9792	2
1898	1
5384	2
9949	5
9915	1
9919	1
8769	3
987	4
6530	2
1454	1
2308	2
3882	3
3309	3
9883	2
6945	2
1670	2
1744	1
969	1
9935	1
7836	3
3431	1
256	2
8370	2
5508	1
5738	1
575	1
325	1
7748	2
2269	3
5922	2
6198	3
995	2
6889	1
2041	1
8214	3
831	1
4046	1
1471	2
2747	1
832	2
5799	1
2900	1
2992	3
4542	1
7508	1
5443	1
3175	1
4921	2
9335	1
2646	1
497	1
999	3
8564	3
3470	1
1270	3
8604	2
4793	2
9422	1
6216	1
7519	3
3805	2
8874	3
4784	1
510	2
5640	1
5334	3
4330	3
3641	3
1492	1
6272	2
1568	1
1143	1
2645	4
2697	1
1346	3
3258	1
2732	2
3838	1
6928	2
8152	2
3632	1
7561	1
5752	4
2538	1
5698	3
4505	3
5398	2
4019	2
2670	2
4806	1
9067	2
4613	1
6009	1
2778	2
9381	3
4578	2
6863	2
8691	1
3977	2
3568	3
9954	1
592	4
6667	1
357	4
5315	3
9670	3
1352	2
3515	3
6797	2
7896	1
7916	3
8328	2
1051	1
1768	3
8359	2
1721	1
3510	1
4025	1
7227	1
916	3
4445	2
7298	1
1023	2
8670	1
4740	1
9843	1
6096	2
4621	2
7143	1
4689	2
7751	2
4020	1
374	2
6806	3
5888	2
3212	2
4321	3
8121	1
6545	1
7709	2
1605	1
2080	2
9990	2
3156	2
5624	2
2382	1
2674	1
6037	2
9884	1
5647	1
3940	2
7119	1
9436	2
1179	1
6299	3
9305	1
1669	1
7774	3
9550	1
4340	4
2166	2
87	4
4311	2
5092	1
3824	1
3903	2
2400	1
7779	1
7193	2
3636	2
4633	2
7305	2
4465	2
6966	3
7340	5
3987	1
8958	2
273	1
2428	1
4034	3
8200	2
783	1
5804	1
9978	1
4620	2
5935	5
3867	3
1973	1
3391	1
4584	2
2219	2
8891	2
1939	2
2845	2
5724	3
33	1
6986	2
7362	1
6076	1
7680	2
2067	1
8470	2
4547	2
9334	2
3792	1
5511	1
746	3
8017	1
6405	1
299	1
9280	1
8624	1
8158	2
6369	1
3015	2
763	3
9677	1
1436	2
5507	1
9924	3
3307	1
5171	2
4226	1
3619	2
3844	2
2513	1
7727	1
9223	1
6904	3
8542	1
7358	3
3340	2
9492	1
6	2
2467	1
1501	2
2835	1
5397	2
2435	1
2756	2
3573	2
3289	2
169	4
5242	3
6199	1
2995	1
7364	3
5684	1
1368	2
8421	2
1267	2
5335	1
1658	2
2575	2
4814	1
244	3
2758	1
9841	2
596	1
2418	2
4873	2
1837	1
7109	1
6442	1
4964	1
1257	1
8354	2
3473	1
6774	1
2510	2
3778	1
9504	1
7850	3
6304	2
6380	2
7858	3
1972	1
1777	2
7529	3
2419	2
7234	2
9217	1
6746	2
1191	1
8416	1
4170	1
7297	1
7269	1
7073	4
5194	1
7287	2
6315	2
3181	3
6264	1
3673	1
8868	2
450	1
5105	1
7290	1
3485	2
404	2
5886	2
1554	2
2171	2
8745	3
9060	2
7311	1
5629	2
4051	2
5011	2
6956	1
7936	1
6972	1
180	1
6295	2
1022	1
4336	2
4213	1
4446	2
1000	1
8690	1
1724	1
4906	2
9969	1
6770	1
1201	2
9258	1
4271	1
6068	2
7418	2
3914	3
5824	1
922	1
2649	2
6472	2
6934	3
7468	1
3928	2
4070	1
712	1
606	3
5410	2
9541	3
1640	2
1644	1
2493	1
6411	3
7369	4
5280	1
6895	1
4472	1
2914	2
9127	1
3379	2
1052	3
9562	2
7949	1
6568	3
7485	2
9509	2
7310	1
1324	2
3444	3
3390	2
2267	3
2837	2
5442	1
8777	4
4418	1
3093	3
346	2
9594	1
9999	1
3689	2
9476	1
212	1
2454	1
4280	3
9629	2
7518	2
7382	2
9233	2
208	1
215	1
1771	1
9657	2
2177	1
5004	2
1158	1
380	2
7182	3
4259	1
2335	3
9174	1
5474	1
9955	1
766	1
1787	2
7885	1
624	1
975	1
138	2
6537	2
2595	1
1220	3
1961	1
5049	1
5635	2
4670	1
1552	1
4702	1
3345	1
579	1
4332	3
3981	2
4777	1
8516	2
1397	3
4600	2
2896	3
3516	1
957	2
9333	5
4292	2
356	4
891	1
1930	2
352	1
6818	2
6593	1
1263	1
8249	1
4852	1
4390	1
9278	1
5790	1
3036	3
1166	2
7083	1
221	2
9257	1
7095	2
3958	2
1948	1
3936	2
5970	1
810	2
1014	1
8821	2
5941	1
2373	2
4817	2
699	3
4360	2
8322	1
5623	2
5803	3
9661	2
8187	1
5712	1
5699	2
9616	1
1748	1
4983	3
1042	1
3303	1
9783	1
613	3
6693	1
7045	1
3317	1
8219	2
3665	1
1381	2
2024	1
823	1
3323	1
3705	1
413	1
1476	2
7929	1
3498	2
484	2
1099	1
2165	3
7188	1
6238	2
1519	1
1542	1
6152	1
3962	1
4195	1
3078	1
9888	1
4313	2
4513	2
7849	1
2954	4
1860	1
5236	1
4847	2
7827	1
7138	1
2357	1
6805	2
1183	4
7242	2
859	3
2723	1
3100	2
5305	1
3355	3
5573	2
9177	1
7694	1
7624	2
5887	1
2356	1
6423	2
8761	1
9340	1
8239	1
2144	1
2818	2
616	1
8577	2
6261	2
7185	1
36	2
5304	1
4749	2
8792	2
4246	1
8566	2
9799	1
9803	1
9359	1
1299	2
4477	2
2232	2
3752	3
6467	1
4035	2
587	2
888	3
8343	1
3822	1
821	2
4886	1
166	3
7682	1
2807	3
764	1
5239	2
8633	2
1932	3
7254	2
4610	2
5665	3
8116	2
7144	3
2151	2
3254	4
7785	2
5097	2
7835	1
9620	1
5700	1
9529	3
4515	1
2740	2
4391	1
8602	1
5603	2
4815	1
6249	2
5864	3
7320	1
2241	1
4403	3
9414	2
3152	1
3352	1
6192	3
1439	1
7691	1
7512	3
8365	1
5815	1
5462	1
6432	2
2215	2
5103	2
4444	2
6290	1
3853	2
2781	2
8037	4
246	1
5261	2
1612	1
8286	1
7137	1
634	1
8732	1
371	2
8209	1
6731	1
597	1
8908	2
2793	4
8191	1
9110	1
3748	2
4078	1
2147	2
8258	1
6979	1
7641	1
6281	1
4648	1
762	3
3739	1
9189	3
6703	2
5425	3
2675	1
427	1
7618	1
8423	1
5655	2
8313	1
5850	1
3378	3
6960	1
4264	1
9986	1
7621	1
2164	1
7336	2
204	1
566	2
6172	1
6914	2
4949	2
9460	2
1434	1
113	1
3521	3
2098	1
4491	1
6056	2
4326	1
5034	1
5878	1
5382	3
5187	1
7625	1
1704	2
6245	2
3567	1
1755	1
4059	1
3884	1
3297	2
6196	1
7084	1
1893	3
4707	5
4783	1
7049	2
8440	1
7733	3
2143	1
276	1
8531	3
8715	2
516	1
4546	1
8621	1
9073	1
2815	1
6722	2
8294	1
8972	1
9376	1
6379	1
1697	2
5	2
956	2
7041	1
8260	1
507	2
4310	1
1817	3
2779	1
4062	2
7472	2
6574	2
2038	1
9276	1
9817	1
9329	1
5193	1
2234	1
4402	1
8216	3
4328	1
7946	2
6792	2
3730	1
440	1
499	2
2135	2
5129	1
184	2
5155	1
9175	1
5391	3
8748	2
1931	2
1371	1
7248	1
3493	4
6242	1
4536	1
2786	2
8347	2
5212	1
5592	1
7539	1
9917	1
463	2
8876	1
8115	2
5910	1
636	3
2474	1
9469	2
7984	1
9968	2
6555	2
8593	4
7455	1
5389	2
2472	1
7019	2
123	1
5894	3
114	2
9086	1
7348	2
9971	2
9946	1
5274	2
7136	1
4874	1
8383	2
1887	1
684	4
1942	2
4842	2
630	1
6004	1
6750	2
1547	1
9898	2
1082	1
3374	2
3308	2
8171	2
5036	2
4810	1
3265	1
3304	2
4432	2
2540	2
1192	3
5846	2
2365	1
8008	1
297	1
5642	1
2501	2
6195	2
79	1
7126	2
2973	2
1456	1
3617	2
7190	2
3937	3
2831	1
546	1
3089	2
9876	3
5977	2
5477	2
363	3
5051	1
827	1
9296	1
7997	1
2346	1
4561	1
7074	2
882	1
9699	1
7864	1
5350	1
6083	2
8070	1
6413	1
3595	2
6716	2
4486	1
4045	1
6882	1
9408	1
2647	2
8145	2
6830	2
2276	2
6980	2
5208	1
2131	1
8655	3
6811	1
1278	1
3606	2
8178	1
8582	2
9837	3
1982	1
5243	3
4331	2
5244	2
2693	1
1868	1
8094	1
3131	1
8243	1
2653	2
7499	2
840	1
6954	2
6665	4
5181	2
2287	2
4779	1
6715	2
9068	2
6723	2
8476	3
225	1
8223	1
4796	3
8489	2
1824	1
1662	1
5130	1
5749	1
6804	1
7664	1
1955	1
2826	1
8872	1
7912	1
3955	1
1377	1
6816	2
6911	1
740	2
5529	1
6147	1
9201	1
9190	2
6302	2
7975	1
8323	1
7047	3
5017	1
2622	1
693	3
2790	1
8740	1
5316	1
4406	1
8075	1
6180	2
599	1
4977	2
7433	1
6171	2
5533	1
7167	2
7971	2
1005	2
4304	1
4158	2
5537	1
6268	1
1966	4
5793	2
1307	1
5585	1
6868	1
4617	2
7841	2
5451	1
8869	3
5264	1
9574	2
2475	2
9906	1
4488	2
7417	3
8290	1
8983	1
7169	1
5788	1
3506	1
6429	1
2424	2
5174	3
9722	1
5002	2
3541	1
1304	3
5069	2
6469	2
567	2
9098	2
5055	1
1557	1
444	1
5704	1
477	1
9193	2
7401	1
2564	2
4474	2
6088	1
3154	1
6014	1
4438	1
395	1
7967	2
4437	1
6010	2
9339	1
3703	1
3575	1
4084	1
447	1
7226	2
7493	3
5695	2
3204	1
7985	1
6642	1
5344	1
8173	2
9912	1
1951	1
1188	2
9070	2
6113	2
1163	3
4916	2
7086	1
3637	1
6450	2
8859	1
6434	1
2637	2
389	2
6600	1
6977	2
4281	2
2379	3
6136	2
8884	1
7308	2
6733	1
5556	1
9019	1
4580	2
9310	1
9169	4
1435	1
5411	1
9618	2
6925	2
6024	2
8588	1
5272	2
216	1
4830	2
3456	1
2525	1
9869	1
8907	1
8775	1
4288	1
3671	1
7460	1
518	1
1029	3
3550	1
4038	2
8233	1
1996	2
530	2
9728	1
3791	1
5881	2
8962	1
4753	1
6246	1
9739	2
8744	1
5166	1
1825	2
685	2
7947	1
1372	2
179	1
1917	2
78	1
9559	1
7456	2
1107	1
1408	1
8611	3
7057	2
1494	1
6602	3
9347	4
4120	3
347	1
6144	1
525	2
4724	1
9664	1
4828	3
6762	1
1366	3
6861	1
7211	2
3931	4
3496	2
5117	1
6580	2
5163	1
9434	2
5839	1
417	2
4511	2
248	1
42	2
6458	1
8767	1
4984	1
4979	1
508	2
4295	2
6840	1
5161	1
4000	1
8389	1
4744	1
2809	1
3969	3
9945	2
5868	2
532	2
3513	1
8405	2
4329	1
8635	2
3972	2
5832	2
2725	4
900	1
7256	2
7784	1
318	1
1867	1
3677	1
1803	2
8245	1
2105	1
4799	2
2676	1
1773	1
3465	1
168	1
1993	2
7649	1
9882	2
3744	1
3092	1
238	1
7314	2
5178	1
2226	2
4493	1
8433	1
5994	2
8716	2
5419	3
2178	3
719	1
5279	2
8605	1
7309	4
8468	1
3944	2
2962	3
233	1
7569	2
2191	1
2141	2
8212	3
1765	2
309	1
3268	2
2136	2
638	1
8097	1
4639	1
9283	1
9730	2
9027	2
802	1
5780	2
6410	1
1843	2
9015	1
2448	1
2760	1
2281	1
7031	2
5083	3
121	2
4451	1
9613	1
8879	2
3414	1
8947	1
8418	1
7386	1
1124	1
3394	1
9760	3
3793	1
1925	1
4800	2
1967	1
5376	1
3609	4
7991	2
9744	3
1735	4
3388	1
5076	2
2275	3
836	4
465	3
1342	1
5372	2
4972	3
2270	1
6209	5
3016	1
5984	3
174	2
2128	1
2051	1
464	1
8806	1
7427	3
1885	2
2253	1
9104	3
1175	1
5133	1
4860	1
1739	1
801	1
2536	1
5521	2
2325	1
9879	2
2771	2
1069	2
3101	1
6203	1
68	1
5258	3
1232	1
2064	3
9289	1
8113	1
3939	2
3907	3
8298	1
804	3
1032	2
4680	1
7931	2
6534	2
6143	1
6119	1
3168	2
5290	2
2117	2
1636	1
7098	1
7501	1
3310	2
3428	1
4114	1
7867	1
4819	1
4671	1
4588	1
5363	2
8590	2
9254	1
107	1
3034	1
8537	1
2396	3
8403	1
5584	2
2618	1
3772	4
9851	2
2433	1
5784	1
3477	2
7451	1
4534	3
1020	1
2602	1
6208	2
5686	1
4625	1
1651	2
2028	1
1489	1
561	3
6963	1
8860	3
6477	1
7131	1
1953	3
6176	1
4976	1
2607	1
8661	1
5996	2
7521	2
1046	1
540	3
9934	1
2527	2
1521	1
7731	1
6880	1
2321	2
4761	1
9972	1
5224	2
6354	1
1850	2
1617	2
3894	1
8477	1
1814	1
884	1
4461	3
2566	1
5221	1
9874	2
7794	2
6480	1
5500	1
1812	3
5575	1
1986	2
3719	3
5658	3
568	1
9714	1
7599	2
7489	2
2389	1
7181	3
6419	1
2944	3
6183	1
133	1
4416	1
635	1
6414	1
3398	3
8041	2
6217	5
422	1
9194	1
9182	1
3723	2
9859	2
7376	1
4227	1
5535	1
849	1
4473	2
1884	1
6573	2
70	2
3272	1
7966	2
315	1
3935	1
3280	1
8448	2
3535	1
4487	1
2180	1
44	2
1250	1
1177	1
1865	1
2469	2
8058	3
6900	2
7973	2
7590	2
5087	1
9198	2
1292	2
966	1
9501	2
7360	1
8937	1
879	1
1546	1
851	2
1169	1
8236	1
7009	1
8361	2
451	1
1528	1
6309	1
7866	1
3406	1
9211	1
5982	2
4616	2
6474	2
648	1
9156	3
9294	1
6906	2
8897	1
2859	2
3383	4
2611	1
4643	3
955	2
251	2
7603	1
9925	2
9751	1
3126	3
2037	2
7296	3
9450	1
1705	1
9815	2
7577	2
6388	1
8159	1
4191	2
3469	1
7677	1
1637	1
2243	1
5645	1
3402	1
8099	1
9518	2
2870	1
9826	2
7591	1
7250	1
3333	3
3026	1
4439	2
4506	1
751	1
4382	2
4576	1
4518	1
3336	1
7829	3
9503	1
4503	1
2552	2
5578	1
7754	1
7715	1
1608	1
872	1
5383	1
1248	2
6456	2
5268	1
2959	1
7578	1
2650	1
7079	1
7257	1
3992	2
8308	2
4350	2
360	1
3790	2
9821	1
2205	1
710	1
3178	1
8292	1
8011	2
3880	3
5246	2
4239	1
886	1
7207	1
8554	1
7249	1
8575	2
2911	1
6350	1
3048	1
1998	3
4603	2
9483	3
2015	1
6636	2
9511	1
1974	1
6468	2
5111	1
2455	1
9712	2
6622	2
9105	1
1376	1
7756	1
2742	1
3763	2
3139	1
1339	1
3786	1
7406	3
9561	3
4540	2
9637	1
9451	1
8837	2
6221	1
8743	1
6710	2
424	1
1901	2
4995	1
2965	1
4961	1
3494	2
1068	1
2155	2
4558	1
312	1
1415	2
6999	3
110	1
9216	2
5401	1
514	1
1457	1
4863	1
2462	2
2303	1
6079	2
2669	3
9666	4
910	1
2398	2
3105	1
1905	1
6845	2
8841	1
603	2
2261	2
1309	2
9366	2
643	2
5439	1
6123	2
9185	1
9558	1
4990	1
6852	2
271	2
3130	1
9039	1
320	1
1276	1
1737	2
3339	1
9989	1
7475	3
1969	2
9480	1
8521	1
5240	2
3318	3
3497	1
4599	1
8750	1
7043	2
2409	1
5527	1
399	2
8594	1
8504	2
5367	1
7760	2
1701	1
5810	1
3023	1
7648	1
2903	1
2292	1
5421	1
2296	1
6073	1
1359	2
6996	1
8645	3
3193	1
2157	2
971	2
2252	2
8822	2
4721	2
2481	1
7005	1
7870	2
5893	2
8886	1
6055	1
5781	1
7168	2
2090	2
4030	3
8028	1
9691	1
7768	3
5836	3
4913	1
8350	1
633	1
5707	2
6364	1
3743	3
6070	2
2506	1
9150	1
1455	1
4460	1
2380	1
5579	2
8553	1
9075	1
9798	1
5436	2
6942	2
607	2
1508	1
6842	2
7450	3
5741	1
2329	1
4325	2
9207	2
8919	2
9155	1
9807	4
2909	1
7833	2
8576	2
1934	2
2461	2
1545	1
4231	1
1535	1
9601	1
8442	1
3291	2
8392	1
2605	1
1294	1
6386	2
7363	1
6981	2
9338	1
8377	1
6324	1
9801	2
4065	1
2621	1
6668	1
1240	1
4602	1
7105	1
3347	2
5731	2
4752	1
527	2
2088	3
5567	1
2387	1
5107	1
4920	1
1537	2
1498	1
1148	1
6711	2
8774	2
4644	2
5229	1
2049	1
7951	2
9421	2
9566	1
9682	1
8636	1
8786	2
6701	1
2692	1
1312	3
9235	1
7186	1
4481	2
9886	1
3876	1
3163	1
7108	1
7528	3
8854	1
383	2
6179	2
6968	2
9546	1
9885	1
9793	1
8548	2
7806	1
3488	3
2976	2
8234	2
4969	1
598	2
5089	3
308	1
81	1
2193	1
9470	2
4146	1
5811	1
8348	2
4629	1
8337	2
6464	2
4663	3
3397	2
4253	1
5754	3
6729	1
3482	2
191	1
2834	2
3463	4
2829	1
1485	1
8561	1
1906	1
8718	1
2115	2
7464	1
4695	1
9126	1
7654	5
7326	1
4676	1
8342	1
321	1
7772	1
1831	2
6670	2
2459	1
7974	1
8406	2
3836	1
716	2
8902	2
7855	2
5692	1
8090	2
9719	3
8007	1
7924	1
4278	1
1102	2
1888	1
6993	1
5709	1
7656	2
6891	3
914	1
6575	2
1505	1
1772	1
2086	1
3600	1
963	1
142	1
5375	1
9800	1
3842	2
5768	1
6118	1
3555	2
8206	2
6026	1
8742	1
6077	1
8220	1
388	1
7404	2
9545	1
3478	1
4925	1
5964	1
8130	1
1331	1
9244	2
2009	3
4686	2
4581	2
949	2
1491	1
1437	1
4950	1
7339	1
9513	1
6276	2
2203	1
3083	1
6941	1
3646	3
3650	1
6606	1
1464	2
8889	1
8273	2
2061	1
3301	2
8847	1
7159	1
2644	3
3504	1
5806	2
4150	1
313	2
1160	1
4124	1
3019	1
4960	1
6923	2
8533	1
1638	1
5639	1
1091	2
2123	1
5552	1
765	1
1403	1
6112	1
7608	2
3565	2
3607	2
2023	1
2707	1
6084	3
9827	2
6905	1
4224	2
9199	2
5673	1
4903	1
7415	1
3560	3
8324	2
9496	2
57	1
4771	2
7516	3
3741	2
905	1
6418	2
1791	1
1849	1
4823	1
2948	2
9433	2
8371	1
6126	2
4848	1
1577	1
344	1
9221	1
6884	1
6814	2
1987	2
5791	1
8903	2
5127	2
3215	2
8500	3
8870	1
5891	1
927	2
6114	3
7732	1
2761	2
5424	2
2169	1
4844	1
4309	2
2258	1
818	2
692	1
5612	1
1978	1
8756	2
3768	2
2381	2
3687	4
1964	1
8964	1
2838	1
5608	2
2571	1
9449	2
4485	2
5492	2
5820	2
6998	1
7586	2
5812	1
8452	1
9539	2
4185	1
239	1
1117	1
1355	2
9274	1
5913	2
1086	1
7477	1
8510	1
7636	1
8887	1
6490	1
6655	1
4165	1
6939	2
5739	1
7038	2
9773	1
156	1
2040	1
7416	2
7502	1
6831	1
1550	1
9240	1
3577	1
7504	1
9047	1
5844	2
8996	2
7514	1
6785	3
6708	4
5120	1
2374	2
6714	3
3334	2
9709	2
6347	2
9707	2
1652	2
9758	1
7992	1
3765	1
3450	2
6218	1
2251	2
4775	1
5597	2
1591	1
6758	2
3897	2
3240	1
6610	1
38	1
9870	1
8525	1
4854	1
7977	1
8456	1
2927	1
8497	4
6631	2
1202	1
8980	2
4764	2
214	1
3077	1
6478	4
950	1
493	1
3073	2
7659	1
5674	2
4970	2
4037	2
6595	1
691	1
7698	1
8465	1
2512	1
1211	2
2688	2
1141	4
1941	2
8032	1
9701	1
4623	2
9061	1
8681	2
9640	1
9484	1
1277	2
3282	2
2631	1
8267	1
7956	1
3360	2
9089	1
5415	1
1425	2
8074	1
1486	2
4545	1
1296	1
6210	1
1667	3
8591	1
2272	2
2416	2
4180	3
72	2
3848	2
1347	1
9718	1
9046	4
9526	1
9234	2
8923	2
2341	1
436	1
7877	1
1859	1
7208	1
502	1
7500	2
9109	1
1468	1
4856	1
8175	1
9864	1
7017	1
2516	1
5428	2
1361	1
3625	1
8083	2
9778	2
4238	2
7324	1
9547	2
3691	1
3925	1
720	1
9165	1
2338	1
4851	2
8932	2
2715	1
3621	1
8081	1
411	1
9358	2
9301	1
9356	1
6182	1
333	1
1659	2
1672	1
9822	1
9191	1
9327	2
6082	2
8469	1
3628	2
3279	1
3779	1
1214	2
9263	1
3915	2
9455	1
5909	1
4788	2
8963	1
3165	3
2284	1
3605	1
3736	1
3306	1
117	1
2908	1
257	1
4410	1
4186	3
1946	1
5669	2
7964	1
9865	1
5176	2
4962	1
224	2
9487	2
6726	2
182	1
8773	2
4219	2
4773	3
4344	1
7702	2
8928	1
5218	1
3002	1
8704	5
4197	2
9499	2
3588	1
1979	1
115	1
2737	2
7718	1
2714	2
5662	2
144	1
80	2
2701	1
1928	2
8912	1
1833	2
7879	1
6428	1
9088	3
1128	1
660	1
1522	1
9694	3
6248	1
76	2
3572	1
5778	1
8557	1
7148	1
7699	1
7413	1
5135	3
5544	2
106	2
1365	1
9560	1
92	2
453	1
1826	2
4628	1
1078	1
8382	3
5672	2
5281	1
3751	1
942	1
4544	1
7153	1
3350	3
7634	2
9226	2
6689	1
4826	1
2053	1
5652	1
2767	1
8401	1
1784	1
5463	2
5599	1
5690	2
8271	2
3259	1
8408	2
9852	2
2129	1
9292	2
6351	1
9239	1
4335	4
1960	1
6621	2
6718	1
7876	1
3032	1
9845	1
3655	2
5663	2
7002	1
6036	1
8231	2
4387	1
4066	1
9863	1
2515	1
3081	1
2254	1
2860	1
3455	2
1813	1
2070	2
3756	1
964	1
2463	1
2522	1
7482	1
1684	1
2476	1
588	1
5659	1
808	3
7443	1
8882	2
707	1
9502	1
2186	1
2625	1
5100	1
9776	1
4859	2
3070	1
7657	2
6436	2
9643	2
8091	1
4365	3
1976	1
3062	1
3710	2
5562	1
5757	1
3737	2
4756	1
4214	1
3135	1
7728	1
8160	1
6849	1
4157	1
9036	2
4714	2
8224	1
9052	3
8132	2
7387	1
1432	2
1945	1
3451	1
7704	1
1034	1
2236	2
6949	2
8033	1
2805	1
7875	1
3185	1
7315	1
8714	1
2006	1
147	1
6969	1
3000	1
1308	1
812	1
9491	1
2803	1
9171	1
9030	1
6724	2
7465	1
5949	1
5412	1
3064	2
1234	1
9387	1
668	1
2182	1
6308	1
3449	2
3366	1
6092	2
6833	1
382	2
9779	1
5386	1
4301	1
9252	1
9994	2
8034	1
3119	1
8137	1
7089	2
4878	1
176	1
3357	1
8890	1
4553	1
2489	1
7065	2
9227	2
2439	1
247	2
41	1
7434	1
9844	1
4284	1
990	1
2075	1
5988	1
7292	1
7790	1
5027	2
8587	1
2949	1
5245	1
2528	2
9951	1
6101	1
2492	1
4138	1
5873	1
8295	1
4324	2
9331	1
933	4
6189	1
4068	1
1127	2
7972	2
5131	1
7099	1
3200	1
2101	2
5879	2
7498	1
1581	2
7517	2
9565	2
1992	3
6201	1
1103	1
5430	2
1449	1
3910	2
5875	1
3902	1
5465	1
2716	1
8479	2
5972	1
1059	1
7307	1
141	1
3584	1
3810	2
4850	1
8270	2
6124	1
2072	2
8630	2
7623	2
75	1
9962	1
7028	3
4681	1
5767	1
8369	2
8065	1
6311	2
8096	2
2473	1
8000	1
4346	3
3438	1
9293	1
5823	3
2153	2
296	1
5123	1
926	2
7189	2
8467	1
2170	1
1017	1
27	1
9723	1
3700	1
5136	1
3110	1
2963	1
6544	1
7609	2
1298	1
414	1
9540	1
1645	1
556	3
6916	1
1957	1
9232	1
3996	1
3040	1
1037	1
1555	1
3762	1
5156	1
867	1
3920	1
4174	1
9840	1
3624	1
9706	1
6908	1
1007	2
7198	1
4890	1
7650	3
8169	1
8499	1
6325	1
5849	1
8346	1
5355	1
2634	2
6508	1
4113	1
6608	1
2110	3
252	1
1938	1
2189	1
4147	2
1971	1
228	1
124	1
8003	1
8683	1
5924	1
4139	1
6187	1
400	1
8836	1
9646	1
9101	2
6306	1
2880	2
6754	2
7852	1
4272	1
3264	1
4373	2
625	2
5095	2
2494	2
9685	2
1003	1
4348	2
7142	1
2227	1
7349	2
2326	1
5730	2
8344	1
4841	2
5530	1
160	2
5634	2
2099	1
6768	1
8080	1
9443	2
1145	1
6307	1
7671	1
6717	1
7312	1
6567	1
9697	3
7334	1
1247	1
3885	1
5626	1
103	3
3542	1
6690	2
5926	1
3734	1
8607	1
7503	1
4684	1
4770	2
5571	1
2639	3
6022	1
5931	2
5604	1
159	2
9318	1
8532	1
201	2
2384	2
1725	1
9181	1
1776	2
285	1
4521	2
8025	2
5073	1
8148	1
7582	2
3758	2
5837	2
9920	2
5628	2
7200	1
4750	1
6173	2
4592	2
1956	1
8770	1
3400	1
8156	1
6001	1
4726	2
5468	2
9401	1
2095	1
4797	2
1399	1
2875	1
4258	1
1858	1
4571	1
8281	2
2970	3
8971	1
2565	2
6738	2
7229	1
3142	1
1011	2
8417	2
595	1
1673	2
3735	2
8888	1
9583	1
7746	1
4048	1
3896	1
4901	2
3164	1
5448	1
4677	1
426	1
2056	1
4462	3
4168	1
8120	3
7403	2
7592	1
6305	1
8141	2
983	1
1418	1
3783	1
8119	1
3795	2
416	1
3946	1
513	2
5473	1
1413	1
8415	1
1217	1
5021	1
5020	1
9782	1
6156	1
5247	1
7496	2
8920	2
6066	2
1230	2
1675	3
3183	1
3676	1
2152	1
6094	1
8778	1
1694	2
2713	1
5067	1
2367	1
3922	2
6685	1
5694	1
8815	1
61	1
3462	1
5109	1
9017	1
5048	1
47	1
5070	1
5553	1
7062	1
8349	1
7014	2
9731	1
4746	1
2687	1
3434	2
7887	1
1050	2
6288	1
6046	1
8640	2
1184	1
5357	1
2651	1
8464	1
5596	1
100	1
6931	2
4063	1
1584	1
9432	1
3367	2
9648	1
1274	1
8045	1
9702	1
3989	2
824	2
2211	1
6552	3
5320	1
3325	2
5955	1
6728	1
6254	1
658	2
7740	3
9128	2
645	1
8921	1
5003	1
7533	2
3759	3
3170	1
3509	1
8317	2
5986	1
6528	2
6865	3
2551	2
4154	1
2819	2
5998	2
4765	1
3017	1
2353	1
2410	1
2997	1
9753	2
5228	3
9892	1
3683	2
7673	1
6416	2
2361	2
3873	1
521	1
9151	1
1341	1
5582	1
7412	2
9781	2
2572	1
3384	3
6666	1
3839	2
459	1
6801	2
3237	1
5271	1
8217	1
7506	2
8431	1
2785	2
9537	1
4345	1
8695	1
8289	1
4467	1
119	1
2452	1
6582	1
4692	1
1819	1
4211	1
277	1
491	1
3604	1
3966	1
8729	1
7807	2
1624	2
6829	1
1116	1
1405	1
8189	1
6227	1
5369	1
7920	1
3221	1
713	1
6375	2
3079	1
2770	2
452	2
9679	1
9593	1
433	1
3269	1
1171	1
6057	2
8140	1
8332	2
5099	1
9833	1
9839	2
4453	1
2816	1
3285	2
8012	1
3927	1
897	2
4839	2
5322	1
5621	1
9571	2
6438	1
2797	1
2145	2
24	1
4356	2
1483	1
9810	2
3553	1
9627	2
6348	1
6062	1
1596	2
6444	1
1520	1
2042	1
6546	1
683	2
6938	2
1445	1
8443	1
2316	1
4060	1
6225	4
545	2
6142	1
6557	2
4412	1
7683	1
7953	1
5084	1
7316	1
7639	1
2102	1
202	1
4229	1
538	1
2553	1
9939	1
2050	1
2539	1
7872	1
4134	1
1249	1
237	2
2018	3
6229	1
9905	1
2754	1
8915	2
9093	2
1566	1
4383	1
8100	1
9137	2
8701	1
6125	1
3970	2
4075	1
266	1
1872	1
6470	2
2799	1
8237	1
2319	1
9936	2
2149	2
5251	2
8143	1
8992	2
3728	1
5300	2
4675	1
3262	1
5545	1
932	1
8772	1
1830	2
1711	1
726	1
7392	1
3829	3
9213	2
3904	1
1515	1
6592	1
7175	1
9304	2
7223	2
1348	1
3680	1
6439	1
5458	1
559	2
3890	1
6104	1
2984	1
4016	2
8475	1
3059	2
3412	1
3415	1
7356	1
6539	1
4261	1
6220	3
197	1
5687	1
4557	1
2972	1
9298	1
4407	2
2103	2
2457	1
8717	1
9534	1
6233	1
2108	1
4256	1
1388	2
1195	2
5987	3
3234	1
3653	1
9668	1
4392	1
3815	2
4251	1
5638	1
1626	1
4673	1
7678	1
8425	1
5795	1
7294	1
3174	2
175	2
3284	2
6565	1
5713	1
6317	2
4362	1
4782	1
8922	1
2784	1
5353	1
1754	1
5884	1
4055	1
8411	3
4958	1
3626	2
1047	1
5317	1
2854	1
3755	1
6040	2
254	1
7359	2
6679	1
9456	1
789	1
5892	1
5933	2
466	4
17	1
768	1
350	1
341	1
3993	2
1337	2
2116	1
4573	1
725	2
316	1
1730	1
4368	1
7776	1
3647	1
8501	1
8005	1
2126	1
5967	1
5144	1
8668	2
8811	1
2850	1
702	1
8072	1
2362	1
8149	1
3984	1
5729	1
5834	1
952	1
7347	2
5195	2
5633	1
8952	2
8893	2
480	2
863	1
4053	2
6760	1
5063	1
4917	1
7952	1
4731	1
6953	1
563	1
2263	1
1543	1
2855	1
5918	4
3054	1
7133	1
3458	1
4965	1
2239	1
9149	1
7177	1
8117	1
2027	1
6120	1
2577	2
3007	1
5138	1
3916	1
86	1
807	2
2436	1
9680	2
583	1
2106	1
7596	1
6855	1
4372	1
7202	1
3377	1
4305	2
1567	2
4363	1
6170	1
9102	1
8867	1
2825	1
8279	2
5572	1
7714	1
1111	2
7251	1
6291	1
4667	2
6188	1
1028	1
4018	2
1071	1
4760	2
3649	1
5496	1
5039	1
1715	1
7082	1
65	1
3461	1
6984	1
7367	1
5047	2
5782	3
3202	1
1041	1
2140	1
3571	2
4052	2
637	1
2078	2
2952	1
9076	1
6089	1
8662	1
6048	1
6381	1
8909	1
4069	2
8677	1
3601	1
5637	2
378	1
7209	1
4862	1
2124	1
9375	2
5515	2
8969	1
7825	1
5702	1
5199	1
8904	1
1064	1
6021	1
381	1
2567	2
5190	3
6674	1
6876	1
6915	1
167	1
662	1
8232	1
2996	1
2043	2
9228	1
229	1
7716	2
8596	1
3887	1
7579	1
4759	1
4930	1
4742	2
4611	1
8101	3
5238	1
8896	1
8009	1
3071	1
6106	1
7845	1
8073	1
6576	1
218	2
6698	1
2974	2
5667	1
4523	2
1193	1
4719	1
3840	2
4230	2
9569	1
5417	1
946	1
769	1
6003	1
8331	2
7854	3
4802	2
4144	2
7022	1
1889	1
7786	1
1623	1
9973	1
3216	1
3985	1
847	1
9977	2
3012	1
7293	1
9247	1
3061	2
909	1
4845	1
855	1
8629	2
4315	1
9459	1
3713	2
4263	1
5418	1
2259	1
9724	1
503	1
6627	1
6756	2
9675	1
7801	1
3579	1
9857	1
7497	1
8455	1
1696	1
6285	1
5124	1
3863	1
7243	1
6781	1
2584	1
2936	1
5327	1
7640	1
3661	1
8846	1
8955	1
1285	2
7598	1
1940	1
8393	1
3530	1
5183	1
2683	1
3359	1
5869	2
7116	1
7319	1
6995	1
5999	1
2001	1
4660	1
7260	2
1770	1
3162	1
8422	1
4801	1
4769	1
9448	1
601	1
1864	2
6652	2
1416	1
1632	1
8508	1
2334	1
5471	1
6803	1
8610	3
3564	2
4508	1
3389	1
2541	1
5151	1
3038	1
8580	1
4405	1
4942	1
9669	2
9769	2
5333	2
7587	1
1585	1
6122	1
6148	2
9062	2
2222	1
7970	2
8478	2
9395	1
5404	2
3540	1
704	2
572	1
8451	2
8584	1
7795	1
385	1
1950	2
7696	1
4939	1
9130	1
4837	1
7463	1
7239	2
8894	1
7692	1
5940	2
3692	3
8628	2
536	1
7425	2
4205	1
1514	1
9606	1
7088	1
2981	2
895	1
9087	1
4993	1
2495	1
3113	1
4713	1
4021	1
1600	1
9654	2
6157	1
6253	1
5756	1
1719	1
756	1
8276	1
9474	1
9715	1
5341	1
4087	1
5494	1
5882	1
6500	1
8885	1
4337	1
586	1
4998	1
7859	1
1834	1
8329	1
8395	2
7505	2
5202	1
4612	1
3648	1
4591	3
6809	2
3658	1
3145	1
9482	2
7837	1
2449	2
4002	1
9424	1
4820	1
845	2
7076	1
4885	1
1678	1
8023	1
773	1
7622	1
7469	1
1139	1
9693	1
861	1
2620	2
7081	1
4424	1
9690	1
8221	1
6581	1
2490	1
4115	1
467	1
8190	2
6958	1
6164	1
3027	1
1613	1
323	1
7132	1
7476	1
1890	1
290	2
5522	2
9259	1
1181	1
1929	2
4697	2
7405	1
2220	2
2641	1
7721	1
8973	1
4379	2
3180	2
7486	1
6819	2
2969	1
8722	1
5616	1
1852	1
1805	1
3230	1
4061	1
6536	1
8014	1
355	2
4539	1
512	1
4155	2
5976	1
9345	1
461	1
4080	1
8397	3
9026	1
5636	1
7214	1
5406	2
7799	1
7372	1
314	1
5744	3
7925	1
4401	1
9230	2
3640	1
1682	1
1019	1
7580	2
7670	1
4171	1
8565	1
3761	1
8109	1
4494	1
7943	1
3874	1
1788	2
3404	2
6619	1
2759	2
48	2
8758	1
8950	2
4024	1
2698	2
1811	1
4705	2
4499	1
5728	1
4484	1
790	2
4945	1
1110	1
4517	1
9300	1
4789	1
7445	1
8192	1
9285	1
5842	1
2614	1
4441	1
14	2
6023	2
2017	1
3548	2
5149	2
3037	1
9759	2
730	1
6420	2
5539	2
4317	1
146	1
5675	1
5502	1
2668	2
2104	1
8162	1
3448	1
873	2
4312	2
4172	1
3724	1
3562	1
8656	1
5819	1
5396	1
2378	1
6049	1
2401	1
1067	1
4880	1
8760	1
6944	1
4554	2
7483	1
3227	1
4846	1
8569	1
2557	1
7730	1
223	1
1797	1
631	1
4126	1
2745	2
8651	1
1094	1
2112	1
8562	1
9734	1
3085	1
494	1
4672	1
2168	2
1727	2
6918	1
2772	1
728	1
7106	1
9975	1
6177	1
6791	1
7581	2
7164	1
4099	1
3594	1
278	1
4215	1
5090	1
5420	1
8905	1
8567	1
5364	1
6051	1
4415	1
5718	1
2606	1
780	1
4201	2
2935	2
1919	2
6615	1
5656	1
8088	1
3524	1
1810	1
3549	1
1048	1
1738	1
4659	3
6523	1
2982	1
11	1
1544	1
5723	1
7280	2
6682	1
5773	1
2113	1
16	1
7264	1
7566	2
4136	1
3643	1
632	1
3380	1
5125	1
2752	2
298	1
412	1
7749	1
4187	1
1121	1
6611	1
2482	1
5119	2
4654	1
6352	1
731	1
3335	1
6250	1
6790	1
7096	1
6333	1
8946	1
7466	1
2856	1
4011	1
6800	1
5696	2
4287	1
4464	1
9394	1
3408	1
1284	1
7078	1
2519	1
12	1
4125	2
8518	1
7861	2
9091	1
4812	1
7720	1
8627	1
8856	1
456	1
7987	1
3614	1
4192	1
7232	1
3290	2
3043	1
9357	1
4833	1
1340	1
255	1
8230	1
2035	1
7846	1
4225	1
1985	3
4141	1
5817	1
130	1
9452	1
6951	1
5835	1
4630	1
96	1
6705	1
6859	1
1668	2
2990	1
1589	2
1916	1
3505	1
8218	1
7564	1
920	1
666	1
9755	1
929	1
6427	1
8625	2
4876	1
5830	1
574	1
3106	1
5479	1
8068	1
366	1
9270	2
9921	2
2161	1
8457	1
7798	1
8488	2
8687	1
6453	1
8801	1
5524	1
9196	1
5948	2
7395	1
542	1
8771	1
2924	1
3480	1
6739	1
2509	1
26	2
1977	1
3715	1
7396	1
5747	1
8449	2
2735	1
1002	1
56	1
6638	1
6262	1
2993	2
6363	1
1378	1
6006	1
5880	1
4102	1
127	1
7606	1
4512	1
353	1
2237	1
3115	1
8002	1
4959	2
295	1
5062	1
7910	1
6989	1
7573	2
3566	1
4501	1
6772	1
5216	1
9653	2
9988	1
3128	1
528	1
8029	1
835	2
9717	1
7120	1
5691	1
1709	1
1134	1
6898	1
8572	1
1586	1
5466	1
5035	1
9789	1
1444	1
2940	1
9186	2
9982	1
4562	1
5877	1
348	1
7127	1
7824	1
7534	1
8122	1
1036	1
4919	1
8851	1
8857	1
7524	1
2054	2
5390	1
5380	1
834	2
5018	2
7151	1
7471	2
1851	1
7961	1
3581	1
1594	1
7419	1
64	1
7821	1
5775	1
6117	1
4044	1
8061	1
721	1
7553	1
4042	1
9672	2
4142	1
6893	1
9823	1
5188	1
7205	1
5587	1
9404	1
8436	2
288	1
1923	1
2939	1
8657	1
5586	1
4442	1
6643	2
3956	1
9808	3
787	1
3474	1
1419	1
9249	1
6688	1
2921	1
4223	1
9927	1
2853	1
8513	1
8265	1
2863	1
132	2
1913	2
2703	1
523	1
6374	1
2524	2
3369	1
5732	1
6965	1
998	1
2383	1
4162	1
3376	1
2313	1
4804	1
8804	2
6207	1
2545	1
6133	2
9564	1
7549	1
5079	1
1280	1
6505	2
1732	1
6361	2
4884	1
3300	1
8547	1
6586	1
3014	1
4276	1
5611	1
2133	1
300	1
7982	1
7140	1
3305	2
4727	1
6612	1
5000	1
7890	2
1530	1
701	1
7147	1
9953	1
7979	1
66	1
5158	2
6577	1
1656	1
1333	1
6799	2
2096	1
8669	1
5532	1
9050	1
3656	2
8829	1
211	1
1326	1
9441	1
2672	1
577	1
8938	1
3943	1
7693	1
1832	1
7113	1
3287	1
3518	1
7968	2
5874	1
4393	1
7602	2
9115	1
1123	1
1356	1
7789	1
5549	1
5029	1
9850	1
717	1
6329	1
3769	2
294	1
5058	1
7176	1
6338	1
358	1
9132	1
8302	1
6639	1
2549	1
2987	1
9462	1
5651	1
2967	1
3585	2
5204	1
1551	1
9579	1
5870	2
715	1
7809	2
8814	1
7744	1
4500	1
1918	1
1968	1
4117	1
9749	1
6630	1
4129	1
6038	1
9466	1
3612	1
3411	1
3435	1
4840	1
7173	1
6725	1
7341	1
2118	1
8252	1
7231	2
2441	1
9243	1
5706	1
3042	1
5066	1
4089	1
9647	1
6365	1
8727	1
9611	1
5569	1
9032	1
6952	1
3427	1
6535	1
5678	1
6328	2
2366	1
6314	1
2317	2
5958	1
3929	1
5373	1
8793	1
8150	1
980	1
9471	1
9176	1
2012	1
1246	1
8892	1
4924	1
9133	1
492	2
9431	1
7270	1
6628	1
5785	1
3611	1
8184	1
4915	2
1074	1
398	2
4748	1
6408	1
226	1
3146	1
5863	1
1330	1
7544	1
839	1
3050	2
4973	2
1936	1
4448	1
9689	1
2913	1
9425	1
655	1
8673	1
8487	1
5134	1
7567	1
2879	1
1693	2
3688	1
1206	1
7245	1
2627	1
7665	1
8988	1
4911	1
4199	2
894	1
4169	1
6116	1
3454	1
9309	1
2087	1
129	1
850	1
8251	1
2306	1
1710	1
2746	1
6864	1
9805	1
1409	1
3960	1
7474	1
5164	1
1140	1
8238	1
8257	1
1154	1
3348	1
4978	1
517	1
7884	2
7713	1
1430	1
3273	1
7745	1
8381	2
7873	1
8511	2
7124	2
3974	1
3232	1
2307	1
6588	1
2450	1
7880	1
3361	1
3302	1
904	1
6783	1
2044	1
9552	1
3118	1
2830	1
8631	1
4297	1
3998	1
1926	1
7543	1
9849	1
9948	1
2060	1
7222	1
9081	1
9265	1
2059	1
8953	1
9740	1
4754	1
9516	1
4855	1
9012	1
3074	1
1863	1
819	1
732	1
1350	1
2250	1
4555	1
1876	1
5641	1
486	1
7546	1
2130	1
6888	1
9313	1
8282	1
750	1
3271	1
5385	1
6184	1
7853	1
2364	1
7279	1
95	1
3828	1
6320	1
2185	1
2827	2
6399	1
6795	1
3222	1
392	1
7112	1
5024	1
8765	1
6907	1
7563	1
1119	1
1628	1
8400	1
1553	2
9351	1
5689	1
6265	1
6067	1
2709	1
8299	1
9676	1
6230	1
8316	1
4811	1
448	1
8427	1
7911	1
2899	1
7122	1
5140	2
9538	1
3823	1
5209	1
2840	1
1802	1
7688	1
5061	1
4556	1
1073	1
9248	1
4909	1
9510	1
8013	1
9735	1
3525	1
157	1
2036	1
9907	2
3982	1
8911	2
977	1
7350	1
9860	1
1369	1
4572	1
871	1
6278	1
9961	1
4510	1
328	1
7757	1
9078	1
4646	1
878	2
8646	1
1842	1
4121	1
151	1
2293	1
6382	1
4898	1
7402	1
28	1
8571	1
776	1
1106	1
992	1
9379	1
8194	1
3851	1
1302	1
3387	1
4762	1
1054	1
4674	1
3049	1
9024	1
2376	1
6392	1
4375	1
4877	1
591	1
4537	1
9400	1
9103	1
737	1
4824	1
1155	1
4244	1
3590	1
8581	1
6065	1
2491	1
2091	1
3068	1
7969	1
7700	1
6651	2
7233	1
505	1
5561	1
4640	1
5255	1
7915	1
1421	1
71	1
6385	1
2604	1
2046	1
6618	1
4758	1
2892	1
5480	1
5911	1
8334	1
268	1
4293	2
6060	1
4657	1
2084	1
9673	1
4414	1
4104	1
3593	1
4100	1
9911	1
6585	1
120	1
9428	1
9021	1
9813	1
3123	1
6159	1
3060	1
6517	1
5895	1
9634	1
9245	1
1384	1
6837	1
6860	1
6042	1
9621	1
4522	1
1518	1
7944	1
6515	1
7282	1
9272	1
610	1
2063	1
5959	1
1869	1
8881	1
3942	1
4533	1
8351	1
7375	2
7907	1
2777	1
6828	1
1283	1
8174	1
3423	1
1733	1
3395	1
2828	1
8549	1
7196	1
8247	1
1740	1
6697	1
4010	1
2824	1
9009	1
6240	1
2127	1
7470	1
7183	1
5939	1
7927	1
4968	1
5978	1
9141	1
5598	1
3191	1
2884	1
2844	1
1395	1
9054	1
7583	1
9203	1
3827	1
4936	1
1493	1
419	2
9563	1
3954	1
2142	1
5483	1
5831	1
2320	1
6987	1
2628	1
3847	1
9000	1
8333	1
189	1
1796	1
1203	1
2576	1
6326	1
854	1
1509	1
4549	1
4381	1
4718	1
8726	1
7430	1
1269	1
4897	1
3160	1
4106	1
379	1
8713	1
5495	1
7507	1
3249	1
6583	1
1244	1
4892	1
8781	1
4400	1
7759	1
9766	1
5814	1
8067	1
7344	1
9834	1
6991	1
8679	1
4551	1
5821	1
7899	1
6431	1
3296	1
9979	1
5423	1
5064	1
6493	1
3381	1
6387	1
5116	1
2414	1
3892	1
1690	1
8617	1
6559	1
3097	1
2377	1
469	1
8734	1
1438	1
3277	1
5440	1
4013	1
3429	1
6294	1
7068	1
6487	1
7092	1
3010	1
584	1
1610	1
3218	1
3245	1
3537	1
8855	1
5565	1
5865	1
8834	1
811	1
4396	1
2917	1
8880	1
8093	1
